371620370.533882 3737104.569771803
371564218.8836353 7464911.389477905
371470673.7241421 11191966.954860182
371339744.4809364 14917896.182547176
371171444.34180397 18642324.102747083
370965790.2554494 22364875.896983605
370722802.92978567 26085176.93581656
370442506.8298462 29802852.816543527
370124930.1753203 33517529.400878247
369770104.9377037 37228832.85260266
369378066.8370812 40936389.6751883
368948855.3385252 44639826.7493834
368482513.64811915 48338771.37076185
367979088.708607 52032851.28723074
367438631.1946621 55721694.73649162
366861195.507785 59404930.48345298
366246839.77082306 63082187.85758925
365595625.82211614 66753096.79024302
364907619.209271 70417287.85186675
364182889.1825595 74074392.28919958
363421508.68794423 77724042.06237641
362623554.3597332 81365869.88196528
361789106.5128658 84999509.24592839
360918249.1348232 88624594.47650489
360011069.8771718 92240760.75700946
359067660.0467405 95847644.16854487
358088114.5964247 99444881.72662438
357072532.1156298 103032111.4176989
356021014.8203423 106608972.23558705
354933668.5428419 110175104.21780463
353810602.7210436 113730148.48178719
352651930.38748264 117273747.26100548
351457768.1579355 120805543.94096683
350228236.21967965 124325183.09510271
348963458.3193932 127832310.52053441
347663561.7507003 131326573.27371687
346328677.3413545 134807619.7059556
344958939.4400702 138275099.49879217
343554485.90299964 141728663.6992576
342115458.07985455 145167964.75498685
340642000.7996772 148592656.54919237
339134262.3562645 152002394.43549317
337592394.49323773 155396835.27259758
336016552.3887696 158775637.4588302
334406894.63996595 162138460.96651003
332763583.24689835 165484967.37616333
331086783.59630185 168814819.9105812
329376664.4449254 172127683.4687062
327633397.9025463 175423224.65935358
325857159.4146465 178701111.83475888
324048127.74475515 181961015.12395227
322206484.9564531 185202606.4659498
320332416.39504945 188425559.64276662
318426110.6689271 191629550.31224257
316487759.63055867 194814256.04067993
314517558.3571946 197979356.33528745
312515705.1312321 201124532.6764313
310482401.4202561 204249468.54968554
308417851.8567644 207353849.47768056
306322264.21756834 210437363.05175024
304195849.40288377 213499698.96336374
302038821.41510415 216540549.03535426
299851397.3372618 219559607.25292602
297633797.31117827 222556569.79444832
295386244.5153113 225531135.06202698
293108965.14229083 228483003.71185243
290802188.3761542 231411878.68431973
288466146.36928207 234317465.23392102
286101074.2190316 237199470.95890278
283707209.9440781 240057605.83068824
281284794.46045846 242891582.2230614
278834071.557327 245701114.94110823
276355287.8724166 248485921.2499137
273848692.86722213 251245720.90301132
271314538.8018892 253980236.17058176
268753080.7098317 256689191.86739933
266164576.37206206 259372315.38052037
263549286.29124874 262029336.69671473
260907473.6655013 264659988.42963535
258239404.36188045 267264005.84672153
255545346.88964304 269841126.8958376
252825572.37322024 272391092.2316402
250080354.52493063 274913645.24167454
247309969.61743587 277408532.07219464
244514696.45593712 279875501.6537052
241694816.35011733 282314305.7262247
238850613.08583096 284724698.86426604
235982372.89654517 287106438.50153095
233090384.4345348 289459284.955317
230174938.74183372 291783001.4506332
227236329.22094482 294077354.1440236
224274851.60531548 296342112.1471
221290803.929574 298577047.54977024
218284486.49953985 300781935.44317174
215256201.86200154 302956553.94230145
212206254.77426964 305100684.2083405
209134952.1735087 307214110.4706747
206042603.14584905 309296620.0486048
202929518.8952834 311348003.3727464
199796012.71234816 313368054.00611347
196642399.94259667 315356568.66489387
193468997.9548665 317313347.23890084
190276126.1093405 319238192.8117075
187064105.7254093 321130911.680462
183833260.04933745 322991313.3753738
180583914.2217329 324819210.6788828
177316395.24483064 326614419.64449275
174031031.94958246 328376759.61528206
170728154.9625698 330106053.2420783
167408096.6727308 331802126.50130486
164071191.1979121 333464808.71248835
160717774.3512471 335093932.5554353
157348183.6073624 336689334.08706474
153962758.06841797 338250852.7579031
150561838.4299846 339778331.42823863
147145766.94675818 341271616.38393337
143714887.3981197 342730557.35188895
140269545.05354062 344155007.51516455
136810086.6378391 345544823.52775156
133336860.29629028 346899865.5289947
129850215.55959147 348219997.1576644
126350503.30868961 349505085.56567734
122838075.73947328 350755001.43146306
119313286.32733184 351969618.97297525
115776489.79158543 353148815.9603473
112228042.05979046 354292473.7281919
108668300.23192342 355400477.187538
105097622.54444642 356472714.8374119
101516368.3342593 357509078.7760569
97924898.00254008 358509464.7117881
94323572.97847842 359473771.97348684
90712755.68290657 360401903.5207283
87092809.49182908 361293765.9535465
83464098.69985858 362149269.52183264
79826988.48355663 362968328.13436204
76181844.86468834 363750859.3674593
72529034.67338973 364496784.47328967
68868925.51125483 365206028.3877816
65201885.714345604 365878519.7381816
61528284.316127725 366514190.8502345
57848491.01033534 367112977.75499094
54162876.11377052 367674820.1952446
50471810.52903926 368199661.6315952
46775665.707229316 368687449.24813735
43074813.61053201 369138133.9577726
39369626.67481337 369551670.4071518
35660477.77213735 369928016.981234
31947740.173244625 370267135.80747837
28231787.50999233 370568992.7596491
24512993.737756748 370833557.4612547
20791733.09780358 371060803.2885998
17068380.079629604 371250707.3734676
13343309.383279182 371403250.6054167
9616895.881639834 371518417.6337066
5889514.582720103 371596196.868842
2161540.5919141285 371636580.48373777
-1566650.9257437384 371639564.41450834
-5294684.783330312 371605148.36087346
-9022185.809787111 371533335.78619164
-12748778.887672266 371424133.91711026
-16474088.99090716 371277553.7428377
-20197741.222513735 371093610.01403993
-23919360.852338865 370872321.2413536
-27638573.354762048 370613709.69352597
-31355004.44638245 370317801.39517283
-35068280.12368138 369984626.1241601
-38778026.700657025 369614217.4086099
-42483870.84642678 369206612.52352476
-46185439.62279438 368761852.48703814
-49882360.52177716 368279982.0562862
-53574261.50308995 367761049.7229065
-57260771.031582296 367205107.70815915
-60941518.11462469 366612211.9576707
-64616132.339440115 365982422.13580644
-68284243.91037735 365315801.6196673
-71945483.68612224 364612417.4927129
-75599483.21684353 363872340.5380129
-79245874.78126803 363095645.23112357
-82884291.42368332 362282409.73259646
-86514366.9908639 361432715.880112
-90135736.16891536 360546649.1802473
-93748034.52003548 359624298.7998728
-97350898.51918577 358665757.5571785
-100943965.59067243 357671121.9123397
-104526874.14463161 356640491.9578071
-108099263.61341439 355573971.40823853
-111660774.48787028 354471667.59006286
-115211048.35352363 353333691.43068194
-118749727.9266405 352160157.4473091
-122276457.09018035 350951183.73544717
-125790880.92963251 349706891.9570063
-129292645.76872948 348427407.3280626
-132781399.20503697 347112858.6062608
-136256790.1454161 345763378.07785726
-139718468.84135264 344379101.54441106
-143166086.9241522 342960168.3091217
-146599297.4399958 341506721.1628099
-150017754.88485253 340018906.36955327
-153421115.23924962 338496873.6519676
-156809036.00288945 336940776.1761448
-160181176.22911385 335350770.53624034
-163537196.55921486 333727016.7387185
-166876759.25658423 332069678.1862505
-170199528.24069977 330378921.6612772
-173505169.12094417 328654917.30922586
-176793349.23025614 326897838.62139046
-180063737.65860528 325107862.4174782
-183316005.28629357 323285168.8278143
-186549824.81707385 321429941.27522135
-189764870.81108415 319542366.4565629
-192960819.71759996 317622634.3239581
-196137349.9075929 315670938.0656692
-199294141.70609614 313687474.08666426
-202430877.42437267 311672441.9888544
-205547241.39188766 309626044.5510108
-208642919.98807254 307548487.7083636
-211717601.67388725 305439980.53187543
-214770977.0231698 303300735.20721227
-217802738.75377536 301130967.01338845
-220812581.7584993 298930894.3011081
-223800203.13578025 296700738.47079563
-226765302.2201831 294440723.9503158
-229707580.61265558 292151078.1723947
-232626742.21055752 289832031.55173576
-235522493.2374585 287483817.4618342
-238394542.2727023 285106672.2114953
-241242600.2807351 282700835.02105784
-244066380.64019063 280266547.9983249
-246865599.1727359 277804056.1142009
-249639974.17166862 275313607.1780451
-252389226.43026787 272795451.81273425
-255113079.26989245 270249843.42944646
-257811258.5678245 267677038.20216438
-260483492.78485665 265077295.04189637
-263129512.99261853 262450875.57062545
-265749052.90064174 259798044.09498546
-268341848.8831586 257119067.57966632
-270907640.00563323 254414215.62054995
-273446168.0510209 251683760.41758564
-275957177.54575443 248927976.74739906
-278440415.7854584 246147141.93564498
-280895632.86037594 243341535.82910186
-283322581.6805227 240511440.76751316
-285721018.0005551 237657141.5551773
-288090700.44434875 234778925.43229052
-290431390.52929354 231877082.04604375
-292742852.69029224 228951903.42147768
-295024854.30347073 226003683.93209907
-297277165.7095881 223032720.27025807
-299499560.23715144 220039311.4172965
-301691814.2252282 217023758.6134609
-303853707.04595804 213986365.3275929
-305985021.1267545 210927437.22659138
-308085541.97220486 207847282.14465544
-310155058.1856586 204746210.05230895
-312193361.4905019 201624533.02521124
-314200246.75112075 198482565.21275228
-316175511.9935486 195320622.80644196
-318118958.4257916 192139024.00809515
-320030390.45784026 188938088.9978103
-321909615.7213522 185718139.9017522
-323756445.0890147 182479500.75973865
-325570692.69358224 179222497.49263185
-327352175.94658124 175947457.86954328
-329100715.55669105 172654711.47485217
-330816135.5477864 169344589.67503875
-332498263.27665347 166017425.58534178
-334146929.45036393 162673554.03623688
-335761968.14331686 159313311.53974444
-337343216.81393987 155937036.2555666
-338890516.32104844 152545067.9570593
-340403710.93986595 149137747.9970419
-341882648.3776986 145715419.27344686
-343327179.789262 142278426.19481528
-344737159.7916699 138827114.64563873
-346112446.4790618 135361831.95155403
-347452901.43689203 131882926.8443925
-348758389.75585824 128390749.4270863
-350028780.04548824 124885651.13843836
-351263944.4473608 121367984.71775775
-352463758.6479789 117838104.16936266
-353628101.8912835 114296364.72695759
-354756856.9908099 110743122.81788534
-355849910.3414849 107178736.02726062
-356907151.9310635 103603563.06198505
-357928475.3512051 100017963.7146502
-358913777.80818343 96422298.82733226
-359862960.1332379 92816930.25527814
-360775926.7925559 89202220.83049318
-361652585.89689463 85578534.32522736
-362492849.210827 81946235.41536903
-363296632.16163 78305689.64374594
-364063853.847799 74657263.38334018
-364794437.0471922 71001323.80041891
-365488308.2248099 67338238.81758507
-366145397.5401934 63668377.07675208
-366765638.8544631 59992107.90204648
-367348969.7369765 56309801.26264122
-367895331.4716168 52621827.73552368
-368404669.06270355 48928558.46820372
-368876931.24053437 45230365.141362935
-369312070.46654797 41527619.93145056
-369710042.9381138 37820695.47322967
-370070808.5929423 34109964.822276905
-370394331.1131238 30395801.417439844
-370680577.92878634 26678579.043255668
-370929520.22137916 22958671.792334985
-371141132.9265756 19236454.027714472
-371315394.73680323 15512300.345182437
-371452288.1033879 11786585.535580551
-371551799.2383298 8059684.5470861355
-371613918.11569065 4331972.44747834
-371638638.47261155 603824.3863922956
-371625957.8099453 -3124384.4424350928
-371575877.3925119 -6852278.838923904
-371488402.24897784 -10579483.63441067
-371363541.17135346 -14305623.729404746
-371201306.71411353 -18030324.13133786
-371001715.1929367 -21753209.992302973
-370764786.6830701 -25473906.6467787
-370490545.017313 -29192039.649335302
-370179017.78361994 -32907234.812319025
-369830236.3223333 -36619118.24351013
-369444235.723032 -40327316.383751296
-369021054.82100284 -44031456.044543244
-368560736.1933398 -47731164.44560218
-368063326.15466154 -51426069.2523771
-367528874.7524542 -55115798.61352183
-366957435.76204234 -58799981.19831847
-366349066.6811779 -62478246.23404917
-365703828.7242589 -66150223.54331102
-365021786.816175 -69815543.5812714
-364303009.58577603 -73473837.4728603
-363547569.35897124 -77124737.04989451
-362755542.1514537 -80767874.88813119
-361927007.661053 -84402884.34424645
-361062049.2597218 -88029399.59273584
-360160753.9851477 -91647055.66273223
-359223212.53199923 -95255488.47473751
-358249519.24279976 -98854334.87726554
-357239772.0984398 -102443232.68339074
-356194072.70831984 -106021820.70720074
-355112526.3001276 -109589738.80014749
-353995241.7092523 -113146627.88729446
-352842331.3678361 -116692130.00345588
-351653911.2934634 -120225888.32922453
-350430101.0774849 -123747547.2268831
-349171023.87299055 -127256752.2761989
-347876806.38241714 -130753150.31009443
-346547578.8448 -134236389.45019174
-345183475.0226712 -137706119.14222872
-343784632.1886004 -141161990.19134048
-342351191.11138314 -144603654.7972064
-340883296.04187804 -148030766.5890521
-339381094.69849163 -151442980.66051415
-337844738.2523171 -154839953.6043523
-336274381.3119227 -158221343.5470132
-334670181.907795 -161586810.1830389
-333032301.4764398 -164936014.80931872
-331360904.8441356 -168268620.35917902
-329656160.21035016 -171584291.43630835
-327918239.1308163 -174882694.348515
-326147316.5002689 -178163497.1413123
-324343570.53484637 -181426369.63133082
-322507182.75415736 -184670983.43955007
-320638337.96301764 -187897012.0243503
-318737224.23285 -191104130.71437874
-316804032.88276255 -194292016.74122933
-314838958.4602972 -197460349.27192637
-312842198.72185105 -200608809.44121987
-310813954.61277646 -203737080.383678
-308754430.2471613 -206844847.26558018
-306663832.8872899 -209931797.31660566
-304542372.92278385 -212997619.8613138
-302390263.8494337 -216042006.3504154
-300207722.2477111 -219064650.39182788
-297994967.76097775 -222065247.78151393
-295752223.0733797 -225043496.53410068
-293479713.887438 -227999096.91327655
-291177668.90133774 -230931751.4619586
-288846319.7859131 -233841165.032234
-286485901.1613322 -236727044.81506598
-284096650.5734865 -239589100.3697679
-281678808.47008586 -242427043.653236
-279232618.1764637 -245240589.04894245
-276758325.8710837 -248029453.395683
-274256180.5607727 -250793356.01607957
-271726434.0556561 -253532018.74483055
-269169340.9438203 -256245165.95671
-266585158.56568927 -258932524.59431052
-263974146.9881276 -261593824.19552708
-261336568.97826833 -264228796.9207818
-258672689.9770686 -266837177.57998198
-255982778.07259503 -269418703.6592138
-253267103.97304535 -271973115.3471659
-250525940.9795037 -274500155.5612785
-247759564.95843557 -276999569.9736248
-244968254.31392583 -279471107.0365068
-242152289.95965907 -281914518.0077768
-239311955.29064915 -284329556.9758731
-236447536.15471807 -286715980.88457525
-233559320.82372776 -289073549.55746835
-230647599.96456766 -291402025.7221177
-227712666.6099035 -293701175.03395116
-224754816.12868372 -295970766.09985095
-221774346.19641498 -298210570.5014406
-218771556.7652018 -300420362.81808037
-215746750.03355968 -302599920.64955604
-212700230.41600096 -304749024.6384658
-209632304.51239708 -306867458.4923012
-206543281.07712242 -308955009.0052155
-203433470.98797897 -311011466.0794878
-200303187.21490967 -313036622.7466693
-197152744.78849855 -315030275.18841785
-193982460.7682668 -316992222.75701404
-190792654.21076035 -318922267.9955556
-187583646.13743964 -320820216.65783596
-184355759.5023709 -322685877.7278956
-181109319.15972155 -324519063.4392496
-177844651.8310661 -326319589.29378766
-174562086.07250154 -328087274.0803486
-171261952.24158108 -329821939.8929564
-167944582.464066 -331523412.148731
-164610310.60049555 -333191519.6054607
-161259472.21258837 -334826094.3788397
-157892404.5294668 -336426971.9593679
-154509446.41371745 -337993991.2289094
-151110938.32728586 -339526994.4769108
-147697222.29720923 -341025827.4162769
-144268641.88119337 -342490339.19890136
-140825542.133034 -343920382.43085045
-137368269.56788823 -345315813.1872012
-133897172.12739845 -346676491.0265267
-130412599.14467372 -348002279.0050352
-126914901.30912857 -349293043.6903532
-123404430.6311882 -350548655.17495805
-119881540.40685917 -351768987.0892549
-116346585.18217033 -352953916.61429614
-112799920.71748884 -354103324.4941446
-109241903.95171294 -355217095.0478784
-105672892.96634719 -356295116.1812365
-102093246.94946189 -357337279.3979001
-98503326.15954098 -358343479.8104146
-94903491.88922267 -359313616.1507503
-91294106.42893554 -360247590.7804921
-87675533.03043461 -361145309.70067126
-84048135.87024036 -362006682.56122524
-80412280.01298423 -362831622.670095
-76768331.37466563 -363620047.00194865
-73116656.6858226 -364371876.2065409
-69457623.4546205 -365087034.61670065
-65791599.92986232 -365765450.25594646
-62118955.06392474 -366407054.8457335
-58440058.4756232 -367011783.81232345
-54755280.41300976 -367579576.29328996
-51064991.71610794 -368110375.1436396
-47369563.779587336 -368604126.94156873
-43669368.51538324 -369060781.9938383
-39964778.31526317 -369480294.3407759
-36256166.013345994 -369862621.76090485
-32543904.848576203 -370207725.7751909
-28828368.427157085 -370515571.65091866
-25109930.68494745 -370786128.4051852
-21388965.849824693 -371019368.8080215
-17665848.404018965 -371215269.38513136
-13940953.046421146 -371373810.4202553
-10214654.65486955 -371494975.95715445
-6487328.248418235 -371578753.8012188
-2759348.9495912725 -371625135.520693
968908.0533734814 -371634116.44752467
4697067.544287146 -371605695.6778351
8424754.316775467 -371539876.07201153
12151593.212043433 -371436664.25441664
15877209.156635154 -371296070.6127237
19601227.20018507 -371118109.2968693
23323272.553156886 -370902798.2176309
27042970.62456603 -370650159.04482394
30759947.059682716 -370360217.2051165
34473827.77771044 -370033001.87947553
38184239.00943745 -369668546.00022477
41890807.334856704 -369266886.2477324
45593159.72075062 -368828063.046719
49290923.55823687 -368352120.5621841
52983726.70027137 -367839106.6949664
56671197.49910529 -367289073.07691836
60352964.84369099 -366702075.0657095
64028658.19703425 -366078171.7392528
67697907.63348912 -365417425.88976145
71360343.87599067 -364719904.01742345
75015598.33322261 -363985676.3237106
78663303.13671592 -363214816.70431066
82303091.17787461 -362407402.7416894
85934596.14492506 -361563515.6972817
89557452.55978514 -360683240.50330967
93171295.81484926 -359766665.75423473
96775762.20968574 -358813883.6978375
100370488.98764312 -357824990.22593635
103955114.37236156 -356800084.8647307
107529277.6041845 -355739270.7647822
111092618.9764697 -354642654.69063544
114644779.8717923 -353510347.0100677
118185402.79803988 -352342461.68297935
121714131.42439325 -351139116.24992394
125230610.61719058 -349900431.820275
128734486.47567108 -348626533.0600366
132225406.36759417 -347317548.17929244
135703018.96473193 -345973608.91930133
139166974.27822885 -344594850.5392357
142616923.6938276 -343181411.80256605
146052520.00695664 -341733434.9630928
149473417.4576754 -340251065.7506287
152879271.76547337 -338734453.35632676
156269740.16392162 -337183750.4176653
159644481.43517095 -335599113.0030801
163003155.94429532 -333980700.5962587
166345425.67347366 -332328676.0800837
169670954.25601056 -330643205.72023743
172979407.01019177 -328924459.1484673
176270450.97296542 -327172609.3455071
179543754.93345717 -325387832.6236697
182798989.46630296 -323570308.60909534
186035826.9648046 -321720220.2236727
189253941.67390233 -319837753.666625
192453009.72296044 -317923098.3957696
195632709.1583622 -315976447.10844475
198792719.97591448 -313997995.7221119
201932724.1530536 -311987943.35463995
205052405.68085274 -309946492.30425674
208151450.5958254 -307873848.0291899
211229547.01152548 -305770219.1269816
214286385.14993566 -303635817.3134977
217321657.37264532 -301470857.40160954
220335058.21181166 -299275557.27957755
223326284.4009029 -297050137.889115
226295034.90521958 -294794823.2031503
229241010.95219278 -292509840.2032819
232163916.06145188 -290195418.85693103
235063456.07466358 -287851792.09419334
237939339.18513623 -285479195.7843943
240791275.9671876 -283077868.7123453
243618979.4052737 -280648052.55430853
246422164.92287335 -278189991.8536718
249200550.41112834 -275703933.99633414
251953856.25723562 -273190129.18580246
254681805.37258673 -270648830.41800976
257384123.2206541 -268080293.45584705
260060537.84462044 -265484776.80341992
262710779.8947478 -262862541.68003032
265334582.65548515 -260213851.9938814
267931682.07230964 -257538974.31551474
270501816.7783009 -254838177.85097808
273044728.1204436 -252111734.41472855
275560160.1856593 -249359918.40227348
278047859.82655865 -246583006.76255086
280507576.6869195 -243781278.97005337
282939063.2268792 -240955016.99669796
285342074.7478473 -238104505.28344405
287716369.4171311 -235230030.71166348
290061708.29227424 -232331882.57426527
292377855.345097 -229410352.5465765
294664577.4854549 -226465734.65698445
296921644.5846924 -223498325.2573421
299148829.49880207 -220508422.99313888
301345908.0912813 -217496328.77344146
303512659.2556909 -214462345.7406061
305648864.9379017 -211406779.2397673
307754310.1580419 -208329936.78810275
309828783.0321251 -205232128.04388312
311872074.7933785 -202113664.7753025
313883979.81324553 -198974860.82909924
315864295.6220817 -195816032.09896713
317812822.9295274 -192637496.4937596
319729365.6445626 -189439573.9054923
321613730.89523935 -186222586.1771453
323465729.0480873 -182986857.07027018
325285173.72720104 -179732712.2324018
327071881.8329889 -176460479.1642837
328825673.5606004 -173170487.1869035
330546372.4180181 -169863067.40834847
332233805.2438168 -166538552.6904779
333887802.22458845 -163197277.6154214
335508196.91202843 -159839578.45190436
337094826.2396839 -156465793.12140104
338647530.53936106 -153076261.1641256
340166153.5571916 -149671323.70485556
341650542.469355 -146251323.41859978
343100547.89745593 -142816604.4961082
344516023.9235534 -139367512.60922998
345896828.1048416 -135904394.8761221
347242821.4879836 -132427599.82631327
348553868.6230907 -128937477.3656255
349829837.57735145 -125434378.74095668
351070599.94830555 -121918656.5049293
352276030.8767627 -118390664.48040636
353446009.05936307 -114850757.7248815
354580416.76078355 -111299292.49474348
355679139.8255808 -107736626.2094201
356742067.6896784 -104163117.41540597
357769093.391487 -100579125.75017668
358760113.58266765 -96985011.90599231
359715028.53852814 -93381137.59359603
360633742.1680529 -89767865.50581035
361516162.02357167 -86145559.2810332
362362199.3100597 -82514583.46664062
363171768.89406765 -78875303.48229668
363944789.312287 -75228085.58317685
364681182.779743 -71573296.8231067
365380875.19762135 -67911305.01761992
366043796.1607168 -64242478.706941195
366669878.9645175 -60567187.11889435
367259060.6119133 -56885800.13174314
367811281.8195308 -53198688.23696547
368326487.02369404 -49506222.50196635
368804624.38601536 -45808774.53273339
369245645.79860467 -42106716.43643743
369649506.8889069 -38400420.783983335
370016167.02416515 -34690260.57251419
370345589.31550443 -30976609.18787249
370637740.62163836 -27259840.36702233
370892591.5522018 -23540328.16043655
371110116.4707017 -19818446.89445207
371290293.49709624 -16094571.13359803
371433104.5099906 -12369075.642899577
371538535.1484529 -8642335.350161873
371606574.81345934 -4914725.308237613
371637216.6689558 -1186620.6572822703
371630457.6425394 2541603.4129995904
371586298.4257631 6269571.7011127295
371504743.4740626 9996909.03153079
371385801.00630444 13723240.29245317
371229483.00395095 17448190.473555412
371035805.2098535 21171384.703729127
370804787.12666106 24892448.28880811
370536452.0148549 28611006.749276288
370230826.89040244 32326685.857954122
369887942.5220323 36039111.677659504
369507833.42813575 39747910.598839186
369090537.8732862 43452709.3771674
368636097.86438686 47153135.17110784
368144559.14643526 50848815.5794343
367615971.1979182 54539378.67870758
367050387.2258242 58224453.0607037
366447864.1602895 61903667.86979072
365808462.6488596 65576652.84024972
365132247.0503834 69243038.33353592
364419285.4285333 72902455.37547679
363669649.5449501 76554535.69340362
362883414.85201466 80198911.75321203
362060660.4852535 83835216.79634772
361201469.2553697 87463084.87671484
360305927.63990384 91082150.8975025
359374125.77452725 94692050.64792456
358406157.44396794 98292420.83987144
357402120.07256806 101882899.14446856
356362114.7144736 105463124.22853842
