3.810459909015956e+28
3.810437296370154e+28
3.8104034111087713e+28
3.810358308980806e+28
3.8103020464675397e+28
3.8102346807601783e+28
3.810156269737776e+28
3.8100668719454326e+28
3.8099665465727766e+28
3.809855353432724e+28
3.8097333529405435e+28
3.8096006060931846e+28
3.8094571744489214e+28
3.809303120107281e+28
3.8091385056892703e+28
3.8089633943179003e+28
3.8087778495990055e+28
3.8085819356023756e+28
3.8083757168431767e+28
3.8081592582636804e+28
3.807932625215297e+28
3.8076958834409094e+28
3.8074490990575096e+28
3.8071923385391435e+28
3.8069256687001554e+28
3.806649156678735e+28
3.806362869920769e+28
3.8060668761639937e+28
3.805761243422454e+28
3.8054460399712465e+28
3.805121334331583e+28
3.804787195256138e+28
3.8044436917146956e+28
3.8040908928800925e+28
3.8037288681144553e+28
3.8033576869557276e+28
3.802977419104491e+28
3.8025881344110624e+28
3.8021899028628998e+28
3.801782794572267e+28
3.801366879764195e+28
3.800942228764724e+28
3.8005089119894135e+28
3.8000669999321314e+28
3.799616563154119e+28
3.799157672273323e+28
3.798690397953993e+28
3.7982148108965412e+28
3.7977309818276763e+28
3.797238981490782e+28
3.7967388806365574e+28
3.7962307500139136e+28
3.7957146603611147e+28
3.7951906823971742e+28
3.7946588868134868e+28
3.7941193442657105e+28
3.7935721253658807e+28
3.7930173006747616e+28
3.7924549406944343e+28
3.791885115861109e+28
3.7913078965381634e+28
3.79072335300941e+28
3.7901315554725774e+28
3.789532574033011e+28
3.7889264786975876e+28
3.788313339368842e+28
3.787693225839296e+28
3.7870662077860044e+28
3.7864323547652796e+28
3.7857917362076416e+28
3.785144421412941e+28
3.784490479545689e+28
3.7838299796305665e+28
3.783162990548122e+28
3.782489581030658e+28
3.7818098196582843e+28
3.7811237748551618e+28
3.780431514885915e+28
3.7797331078522046e+28
3.7790286216894896e+28
3.778318124163931e+28
3.7776016828694743e+28
3.7768793652250824e+28
3.7761512384721275e+28
3.775417369671931e+28
3.774677825703465e+28
3.7739326732611836e+28
3.773181978853022e+28
3.7724258087985135e+28
3.771664229227062e+28
3.770897306076342e+28
3.7701251050908448e+28
3.7693476918205353e+28
3.7685651316196566e+28
3.7677774896456493e+28
3.7669848308582023e+28
3.766187220018415e+28
3.7653847216880845e+28
3.7645774002291066e+28
3.763765319802992e+28
3.7629485443704917e+28
3.7621271376913283e+28
3.7613011633240407e+28
3.760470684625927e+28
3.7596357647530902e+28
3.7587964666605895e+28
3.757952853102675e+28
3.7571049866331347e+28
3.75625292960572e+28
3.755396744174673e+28
3.7545364922953344e+28
3.7536722357248434e+28
3.7528040360229184e+28
3.7519319545527272e+28
3.7510560524818297e+28
3.7501763907832048e+28
3.7492930302363514e+28
3.74840603142847e+28
3.7475154547557087e+28
3.746621360424488e+28
3.7457238084528964e+28
3.7448228586721473e+28
3.743918570728103e+28
3.7430110040828756e+28
3.742100218016472e+28
3.7411862716285137e+28
3.740269223840014e+28
3.73934913339521e+28
3.7384260588634516e+28
3.7375000586411556e+28
3.7365711909537916e+28
3.735639513857948e+28
3.7347050852434253e+28
3.7337679628353917e+28
3.7328282041965833e+28
3.73188586672955e+28
3.730941007678948e+28
3.72999368413388e+28
3.729043953030265e+28
3.7280918711532677e+28
3.7271374951397525e+28
3.7261808814807905e+28
3.7252220865241904e+28
3.7242611664770764e+28
3.7232981774084967e+28
3.722333175252068e+28
3.7213662158086533e+28
3.7203973547490703e+28
3.71942664761683e+28
3.7184541498309174e+28
3.717479916688575e+28
3.7165040033681444e+28
3.715526464931913e+28
3.714547356328999e+28
3.713566732398254e+28
3.7125846478711916e+28
3.7116011573749445e+28
3.710616315435235e+28
3.709630176479374e+28
3.708642794839275e+28
3.707654224754492e+28
3.7066645203752723e+28
3.7056737357656285e+28
3.7046819249064326e+28
3.7036891416985143e+28
3.7026954399657835e+28
3.7017008734583693e+28
3.700705495855761e+28
3.6997093607699783e+28
3.698712521748737e+28
3.6977150322786345e+28
3.6967169457883497e+28
3.6957183156518417e+28
3.6947191951915718e+28
3.693719637681714e+28
3.6927196963513944e+28
3.6917194243879213e+28
3.690718874940031e+28
3.6897181011211313e+28
3.6887171560125613e+28
3.6877160926668336e+28
3.686714964110909e+28
3.6857138233494487e+28
3.684712723368077e+28
3.6837117171366512e+28
3.6827108576125226e+28
3.681710197743799e+28
3.6807097904726113e+28
3.6797096887383735e+28
3.678709945481041e+28
3.6777106136443687e+28
3.67671174617916e+28
3.6757133960465115e+28
3.674715616221066e+28
3.673718459694234e+28
3.672721979477436e+28
3.6717262286053147e+28
3.6707312601389537e+28
3.669737127169084e+28
3.6687438828192745e+28
3.6677515802491217e+28
3.6667602726574195e+28
3.665770013285327e+28
3.6647808554195143e+28
3.6637928523953e+28
3.6628060575997746e+28
3.661820524474909e+28
3.6608363065206466e+28
3.659853457297975e+28
3.6588720304319914e+28
3.657892079614942e+28
3.656913658609238e+28
3.6559368212504675e+28
3.6549616214503734e+28
3.6539881131998096e+28
3.6530163505716897e+28
3.6520463877238944e+28
3.6510782789021682e+28
3.6501120784429847e+28
3.649147840776388e+28
3.6481856204288107e+28
3.647225472025858e+28
3.646267450295066e+28
3.645311610068638e+28
3.644358006286135e+28
3.6434066939971465e+28
3.6424577283639325e+28
3.6415111646640136e+28
3.6405670582927472e+28
3.6396254647658556e+28
3.6386864397219235e+28
3.637750038924852e+28
3.6368163182662796e+28
3.6358853337679586e+28
3.6349571415840953e+28
3.63403179800364e+28
3.633109359452544e+28
3.632189882495962e+28
3.631273423840412e+28
3.63036004033589e+28
3.629449788977933e+28
3.6285427269096365e+28
3.627638911423611e+28
3.6267383999639003e+28
3.6258412501278304e+28
3.6249475196678153e+28
3.6240572664930984e+28
3.6231705486714386e+28
3.6222874244307367e+28
3.6214079521605977e+28
3.620532190413836e+28
3.6196601979079085e+28
3.618792033526285e+28
3.6179277563197566e+28
3.6170674255076616e+28
3.6162111004790577e+28
3.6153588407938015e+28
3.614510706183574e+28
3.613666756552814e+28
3.612827051979579e+28
3.611991652716331e+28
3.6111606191906316e+28
3.610334012005765e+28
3.6095118919412584e+28
3.6086943199533358e+28
3.6078813571752667e+28
3.607073064917628e+28
3.6062695046684773e+28
3.605470738093422e+28
3.6046768270355984e+28
3.6038878335155504e+28
3.603103819731e+28
3.6023248480565164e+28
3.6015509810430897e+28
3.6007822814175773e+28
3.600018812082053e+28
3.5992606361130425e+28
3.598507816760637e+28
3.5977604174474905e+28
3.5970185017677068e+28
3.596282133485586e+28
3.5955513765342644e+28
3.5948262950142145e+28
3.594106953191625e+28
3.593393415496634e+28
3.592685746521443e+28
3.5919840110182827e+28
3.5912882738972465e+28
3.5905986002239696e+28
3.5899150552171752e+28
3.5892377042460658e+28
3.588566612827564e+28
3.587901846623399e+28
3.5872434714370434e+28
3.5865915532104776e+28
3.5859461580208056e+28
3.585307352076699e+28
3.584675201714675e+28
3.5840497733952e+28
3.5834311336986286e+28
3.5828193493209577e+28
3.582214487069404e+28
3.5816166138578047e+28
3.581025796701823e+28
3.5804421027139737e+28
3.579865599098454e+28
3.579296353145784e+28
3.578734432227247e+28
3.5781799037891267e+28
3.5776328353467543e+28
3.5770932944783334e+28
3.57656134881857e+28
3.5760370660520802e+28
3.575520513906593e+28
3.5750117601459236e+28
3.5745108725627445e+28
3.5740179189711073e+28
3.5735329671987657e+28
3.5730560850792485e+28
3.572587340443714e+28
3.572126801112557e+28
3.5716745348867895e+28
3.5712306095391786e+28
3.57079509280513e+28
3.570368052373344e+28
3.5699495558762078e+28
3.56953967087994e+28
3.5691384648744905e+28
3.568746005263168e+28
3.568362359352021e+28
3.5679875943389555e+28
3.5676217773025793e+28
3.5672649751907973e+28
3.566917254809123e+28
3.5665786828087235e+28
3.566249325674202e+28
3.5659292497110896e+28
3.5656185210330737e+28
3.565317205548941e+28
3.5650253689492403e+28
3.564743076692669e+28
3.564470393992174e+28
3.5642073858007618e+28
3.5639541167970324e+28
3.5637106513704183e+28
3.5634770536061408e+28
3.5632533872698718e+28
3.5630397157921112e+28
3.562836102252265e+28
3.562642609362448e+28
3.5624592994509717e+28
3.562286234445567e+28
3.562123475856288e+28
3.5619710847581463e+28
3.5618291217734443e+28
3.5616976470538127e+28
3.561576720261972e+28
3.561466400553186e+28
3.5613667465564423e+28
3.561277816355341e+28
3.5611996674686933e+28
3.561132356830839e+28
3.561075940771686e+28
3.561030474996463e+28
3.5609960145652015e+28
3.5609726138719303e+28
3.5609603266236204e+28
3.560959205818833e+28
3.5609693037261272e+28
3.5609906718621884e+28
3.561023360969706e+28
3.561067420994999e+28
3.561122901065386e+28
3.561189849466313e+28
3.5612683136182494e+28
3.5613583400533347e+28
3.561459974391812e+28
3.561573261318228e+28
3.561698244557422e+28
3.561834966850308e+28
3.561983469929446e+28
3.5621437944944245e+28
3.5623159801870557e+28
3.5625000655663848e+28
3.562696088083539e+28
3.5629040840563987e+28
3.5631240886441303e+28
3.563356135821567e+28
3.563600258353453e+28
3.5638564877685697e+28
3.5641248543337433e+28
3.564405387027753e+28
3.5646981135151403e+28
3.565003060119953e+28
3.5653202517993997e+28
3.565649712117466e+28
3.565991463218483e+28
3.5663455258006567e+28
3.5667119190895966e+28
3.5670906608118273e+28
3.5674817671683162e+28
3.5678852528080305e+28
3.5683011308015334e+28
3.568729412614631e+28
3.5691701080821005e+28
3.5696232253814943e+28
3.5700887710070596e+28
3.5705667497437755e+28
3.571057164641521e+28
3.571560016989408e+28
3.5720753062902814e+28
3.57260303023541e+28
3.5731431846793935e+28
3.573695763615288e+28
3.5742607591499814e+28
3.5748381614798367e+28
3.575427958866627e+28
3.5760301376137567e+28
3.576644682042828e+28
3.577271574470543e+28
3.577910795185971e+28
3.5785623224282053e+28
3.579226132364427e+28
3.5799021990683942e+28
3.580590494499385e+28
3.5812909884816064e+28
3.5820036486840983e+28
3.5827284406011474e+28
3.583465327533244e+28
3.584214270568583e+28
3.5849752285651597e+28
3.585748158133447e+28
3.586533013619709e+28
3.587329747089953e+28
3.5881383083145486e+28
3.588958644753524e+28
3.589790701542587e+28
3.59063442147986e+28
3.5914897450133777e+28
3.5923566102293486e+28
3.593234952841211e+28
3.5941247061795034e+28
3.595025801182571e+28
3.5959381663881213e+28
3.5968617279256526e+28
3.597796409509785e+28
3.598742132434487e+28
3.599698815568251e+28
3.6006663753502033e+28
3.601644725787192e+28
3.6026337784518485e+28
3.6036334424816594e+28
3.604643624579054e+28
3.6056642290125183e+28
3.6066951576187673e+28
3.607736309805971e+28
3.6087875825580664e+28
3.609848870440152e+28
3.6109200656049855e+28
3.612001057800608e+28
3.613091734379073e+28
3.614191980306328e+28
3.615301678173235e+28
3.616420708207747e+28
3.6175489482882437e+28
3.6186862739580346e+28
3.6198325584410427e+28
3.620987672658665e+28
3.622151485247811e+28
3.6233238625801373e+28
3.624504668782467e+28
3.6256937657583952e+28
3.6268910132110977e+28
3.628096268667312e+28
3.62930938750252e+28
3.6305302229673097e+28
3.6317586262149154e+28
3.6329944463299377e+28
3.6342375303582317e+28
3.6354877233379537e+28
3.6367448683317674e+28
3.638008806460185e+28
3.6392793769360556e+28
3.6405564171001545e+28
3.6418397624579027e+28
3.6431292467171656e+28
3.6444247018271382e+28
3.6457259580182894e+28
3.6470328438433584e+28
3.6483451862193693e+28
3.649662810470659e+28
3.6509855403728966e+28
3.6523131981980552e+28
3.6536456047603454e+28
3.654982579463046e+28
3.6563239403462525e+28
3.6576695041354713e+28
3.6590190862910807e+28
3.6603725010585823e+28
3.6617295615196547e+28
3.663090079643961e+28
3.6644538663416812e+28
3.6658207315167366e+28
3.667190484120686e+28
3.6685629322072474e+28
3.6699378829874187e+28
3.6713151428851604e+28
3.672694517593613e+28
3.6740758121318042e+28
3.6754588309018083e+28
3.6768433777463426e+28
3.6782292560067315e+28
3.6796162685812256e+28
3.681004217983634e+28
3.682392906402214e+28
3.683782135758815e+28
3.685171707768195e+28
3.6865614239975e+28
3.6879510859258665e+28
3.689340495004083e+28
3.690729452714312e+28
3.6921177606297793e+28
3.6935052204744545e+28
3.6948916341826167e+28
3.6962768039583238e+28
3.697660532334711e+28
3.699042622233087e+28
3.7004228770218e+28
3.7018011005748175e+28
3.703177097329997e+28
3.704550672347001e+28
3.7059216313648245e+28
3.7072897808588853e+28
3.70865492809766e+28
3.7100168811988163e+28
3.7113754491848035e+28
3.71273044203788e+28
3.714081670754532e+28
3.715428947399251e+28
3.716772085157645e+28
3.7181108983888388e+28
3.7194452026771496e+28
3.720774814882981e+28
3.722099553192943e+28
3.7234192371691297e+28
3.7247336877975554e+28
3.7260427275357035e+28
3.7273461803591875e+28
3.72864387180746e+28
3.729935629028587e+28
3.731221280823036e+28
3.73250065768647e+28
3.7337735918515173e+28
3.735039917328512e+28
3.7362994699451667e+28
3.7375520873851777e+28
3.7387976092257326e+28
3.740035876973915e+28
3.7412667341019898e+28
3.74249002608155e+28
3.7437056004165155e+28
3.744913306674984e+28
3.746112996519908e+28
3.7473045237385937e+28
3.748487744271026e+28
3.749662516236996e+28
3.75082869996204e+28
3.7519861580021726e+28
3.7531347551674316e+28
3.754274358544195e+28
3.755404837516321e+28
3.7565260637850658e+28
3.757637911387802e+28
3.7587402567155367e+28
3.759832978529229e+28
3.7609159579749202e+28
3.7619890785976645e+28
3.7630522263542845e+28
3.7641052896249505e+28
3.7651481592235883e+28
3.766180728407127e+28
3.7672028928836076e+28
3.768214550819134e+28
3.7692156028437114e+28
3.770205952055964e+28
3.7711855040267458e+28
3.7721541668016666e+28
3.7731118509025417e+28
3.774058469327773e+28
3.774993937551695e+28
3.7759181735228896e+28
3.776831097661476e+28
3.777732632855425e+28
3.778622704455878e+28
3.779501240271517e+28
3.780368170561984e+28
3.7812234280303877e+28
3.7820669478149037e+28
3.7828986674794905e+28
3.7837185270037433e+28
3.7845264687719084e+28
3.7853224375610714e+28
3.7861063805285562e+28
3.786878247198525e+28
3.787637989447843e+28
3.788385561491193e+28
3.7891209198654797e+28
3.789844023413543e+28
3.7905548332672024e+28
3.79125331282965e+28
3.791939427757219e+28
3.7926131459405503e+28
3.7932744374851766e+28
3.7939232746915454e+28
3.7945596320345063e+28
3.795183486142288e+28
3.795794815774973e+28
3.7963936018025044e+28
3.796979827182256e+28
3.7975534769361455e+28
3.7981145381273794e+28
3.7986629998367734e+28
3.799198853138741e+28
3.799722091076924e+28
3.800232708639498e+28
3.800730702734183e+28
3.801216072162971e+28
3.8016888175965887e+28
3.8021489415487193e+28
3.8025964483500033e+28
3.80303134412183e+28
3.803453636749949e+28
3.803863335857916e+28
3.80426045278038e+28
3.804645000536255e+28
3.8050169938017635e+28
3.805376448883389e+28
3.8057233836907553e+28
3.806057817709431e+28
3.8063797719736946e+28
3.806689269039261e+28
3.806986332956003e+28
3.807270989240657e+28
3.8075432648495485e+28
3.807803188151347e+28
3.808050788899858e+28
3.8082860982068624e+28
3.8085091485150405e+28
3.808719973570954e+28
3.8089186083981383e+28
3.809105089270283e+28
3.8092794536845372e+28
3.8094417403349402e+28
3.8095919890859793e+28
3.8097302409463044e+28
