3.937206905754847e+28
3.9372025157904464e+28
3.937195936902422e+28
3.9371871750193593e+28
3.9371762380222766e+28
3.9371631357249848e+28
3.9371478798497237e+28
3.9371304839981755e+28
3.9371109636180094e+28
3.9370893359651287e+28
3.9370656200617675e+28
3.9370398366506656e+28
3.937012008145519e+28
3.936982158577935e+28
3.9369503135411323e+28
3.9369165001306514e+28
3.936880746882313e+28
3.936843083707712e+28
3.9368035418275157e+28
3.9367621537028445e+28
3.93671895296501e+28
3.9366739743439107e+28
3.9366272535953333e+28
3.9365788274274564e+28
3.9365287334268458e+28
3.936477009984139e+28
3.9364236962197744e+28
3.9363688319099246e+28
3.9363124574129315e+28
3.936254613596427e+28
3.9361953417654116e+28
3.936134683591423e+28
3.9360726810430583e+28
3.936009376317971e+28
3.935944811776527e+28
3.935879029877287e+28
3.935812073114404e+28
3.9357439839571084e+28
3.9356748047913355e+28
3.9356045778636444e+28
3.9355333452274286e+28
3.9354611486915746e+28
3.935388029771533e+28
3.9353140296428993e+28
3.9352391890975098e+28
3.9351635485020544e+28
3.9350871477592325e+28
3.935010026271437e+28
3.9349322229069363e+28
3.9348537759685555e+28
3.934774723164797e+28
3.9346951015833754e+28
3.9346149476671168e+28
3.9345342971921594e+28
3.9344531852484106e+28
3.934371646222173e+28
3.9342897137809145e+28
3.934207420860041e+28
3.9341247996516724e+28
3.9340418815952925e+28
3.933958697370202e+28
3.9338752768897356e+28
3.9337916492970733e+28
3.933707842962669e+28
3.9336238854831417e+28
3.93353980368156e+28
3.9334556236090654e+28
3.933371370547722e+28
3.9332870690145355e+28
3.9332027427665584e+28
3.9331184148069926e+28
3.9330341073922313e+28
3.9329498420397693e+28
3.932865639536895e+28
3.932781519950107e+28
3.9326975026352003e+28
3.9326136062479474e+28
3.932529848755295e+28
3.9324462474470747e+28
3.932362818948114e+28
3.9322795792307215e+28
3.9321965436275036e+28
3.93211372684445e+28
3.932031142974244e+28
3.9319488055097844e+28
3.9318667273578184e+28
3.931784920852728e+28
3.931703397770357e+28
3.931622169341903e+28
3.931541246267828e+28
3.931460638731727e+28
3.931380356414184e+28
3.9313004085065526e+28
3.931220803724648e+28
3.9311415503223292e+28
3.9310626561049695e+28
3.9309841284427615e+28
3.9309059742838816e+28
3.930828200167475e+28
3.9307508122364554e+28
3.9306738162501154e+28
3.93059721759651e+28
3.9305210213046606e+28
3.930445232056504e+28
3.930369854198624e+28
3.9302948917537595e+28
3.9302203484320594e+28
3.9301462276420966e+28
3.9300725325016485e+28
3.929999265848221e+28
3.929926430249322e+28
3.9298540280124896e+28
3.929782061195068e+28
3.9297105316137447e+28
3.9296394408538175e+28
3.9295687902782335e+28
3.92949858103638e+28
3.9294288140726233e+28
3.9293594901346077e+28
3.929290609781334e+28
3.929222173390974e+28
3.9291541811684814e+28
3.9290866331529516e+28
3.9290195292247776e+28
3.9289528691125625e+28
3.9288866523998342e+28
3.928820878531546e+28
3.9287555468203563e+28
3.928690656452704e+28
3.928626206494714e+28
3.9285621958978637e+28
3.9284986235044878e+28
3.9284354880530965e+28
3.928372788183491e+28
3.92831052244173e+28
3.9282486892848956e+28
3.9281872870857146e+28
3.9281263141369958e+28
3.9280657686559256e+28
3.9280056487882e+28
3.927945952612e+28
3.9278866781418337e+28
3.927827823332225e+28
3.927769386081272e+28
3.9277113642340662e+28
3.927653755585981e+28
3.927596557885842e+28
3.9275397688389633e+28
3.9274833861100853e+28
3.927427407326162e+28
3.9273718300790824e+28
3.927316651928247e+28
3.9272618704030646e+28
3.9272074830053305e+28
3.927153487211519e+28
3.9270998804749874e+28
3.927046660228066e+28
3.926993823884085e+28
3.9269413688392994e+28
3.9268892924747488e+28
3.9268375921580196e+28
3.9267862652449394e+28
3.9267353090812005e+28
3.926684721003914e+28
3.926634498343083e+28
3.926584638423022e+28
3.926535138563704e+28
3.9264859960820593e+28
3.9264372082931934e+28
3.9263887725115707e+28
3.9263406860521326e+28
3.9262929462313546e+28
3.92624555036827e+28
3.9261984957854292e+28
3.926151779809824e+28
3.9261053997737558e+28
3.9260593530156722e+28
3.9260136368809384e+28
3.9259682487226052e+28
3.9259231859020943e+28
3.9258784457898933e+28
3.925834025766168e+28
3.925789923221381e+28
3.925746135556841e+28
3.925702660185256e+28
3.9256594945312203e+28
3.925616636031707e+28
3.925574082136501e+28
3.925531830308627e+28
3.925489878024737e+28
3.9254482227754932e+28
3.9254068620658937e+28
3.9253657934156104e+28
3.925325014359287e+28
3.9252845224468108e+28
3.9252443152435794e+28
3.9252043903307394e+28
3.9251647453054055e+28
3.9251253777808697e+28
3.9250862853867776e+28
3.9250474657693215e+28
3.9250089165913623e+28
3.924970635532602e+28
3.9249326202896893e+28
3.924894868576347e+28
3.924857378123454e+28
3.9248201466791513e+28
3.924783172008913e+28
3.924746451895596e+28
3.924709984139515e+28
3.9246737665584746e+28
3.9246377969877973e+28
3.924602073280369e+28
3.924566593306625e+28
3.924531354954588e+28
3.9244963561298404e+28
3.924461594755531e+28
3.9244270687723608e+28
3.924392776138546e+28
3.9243587148298012e+28
3.9243248828393027e+28
3.924291278177642e+28
3.9242578988727776e+28
3.924224742969996e+28
3.9241918085318337e+28
3.924159093638031e+28
3.924126596385461e+28
3.924094314888059e+28
3.9240622472767378e+28
3.9240303916993294e+28
3.9239987463204857e+28
3.923967309321596e+28
3.9239360789007044e+28
3.923905053272417e+28
3.9238742306677985e+28
3.923843609334286e+28
3.9238131875355874e+28
3.923782963551571e+28
3.9237529356781818e+28
3.9237231022273103e+28
3.923693461526704e+28
3.923664011919849e+28
3.9236347517658664e+28
3.9236056794393954e+28
3.923576793330484e+28
3.923548091844465e+28
3.9235195734018538e+28
3.9234912364382266e+28
3.9234630794040963e+28
3.923435100764806e+28
3.923407299000405e+28
3.9233796726055237e+28
3.92335222008927e+28
3.9233249399750904e+28
3.9232978308006607e+28
3.923270891117767e+28
3.9232441194921757e+28
3.923217514503517e+28
3.923191074745172e+28
3.9231647988241347e+28
3.9231386853609054e+28
3.923112732989362e+28
3.9230869403566455e+28
3.9230613061230336e+28
3.9230358289618196e+28
3.923010507559198e+28
3.9229853406141455e+28
3.922960326838295e+28
3.9229354649558153e+28
3.9229107537033022e+28
3.92288619182966e+28
3.9228617780959678e+28
3.9228375112753807e+28
3.92281339015301e+28
3.9227894135257983e+28
3.922765580202414e+28
3.922741889003129e+28
3.9227183387597103e+28
3.9226949283153045e+28
3.9226716565243292e+28
3.9226485222523523e+28
3.9226255243759873e+28
3.922602661782785e+28
3.922579933371116e+28
3.92255733805007e+28
3.9225348747393413e+28
3.922512542369128e+28
3.922490339880015e+28
3.922468266222882e+28
3.922446320358787e+28
3.9224245012588714e+28
3.9224028079042467e+28
3.922381239285901e+28
3.922359794404596e+28
3.9223384722707576e+28
3.9223172719043897e+28
3.922296192334968e+28
3.9222752326013347e+28
3.922254391751616e+28
3.9222336688431182e+28
3.9222130629422286e+28
3.922192573124329e+28
3.922172198473692e+28
3.9221519380834018e+28
3.9221317910552466e+28
3.9221117564996362e+28
3.922091833535513e+28
3.9220720212902564e+28
3.922052318899599e+28
3.9220327255075376e+28
3.9220132402662454e+28
3.921993862335986e+28
3.921974590885029e+28
3.9219554250895686e+28
3.921936364133628e+28
3.9219174072089954e+28
3.9218985535151276e+28
3.921879802259072e+28
3.921861152655389e+28
3.921842603926074e+28
3.921824155300474e+28
3.9218058060152106e+28
3.92178755531411e+28
3.9217694024481184e+28
3.92175134667523e+28
3.9217333872604097e+28
3.9217155234755226e+28
3.9216977545992645e+28
3.9216800799170835e+28
3.921662498721109e+28
3.921645010310079e+28
3.9216276139892796e+28
3.9216103090704673e+28
3.921593094871805e+28
3.921575970717791e+28
3.921558935939186e+28
3.9215419898729695e+28
3.921525131862245e+28
3.921508361256197e+28
3.9214916774100158e+28
3.9214750796848387e+28
3.9214585674476808e+28
3.921442140071388e+28
3.9214257969345535e+28
3.9214095374214815e+28
3.9213933609221065e+28
3.9213772668319456e+28
3.9213612545520332e+28
3.921345323488875e+28
3.9213294730543677e+28
3.9213137026657728e+28
3.921298011745632e+28
3.9212823997217265e+28
3.9212668660270267e+28
3.921251410099622e+28
3.9212360313826747e+28
3.9212207293243787e+28
3.9212055033778862e+28
3.921190353001266e+28
3.9211752776574637e+28
3.9211602768142255e+28
3.9211453499440684e+28
3.921130496524225e+28
3.921115716036592e+28
3.9211010079676824e+28
3.9210863718085786e+28
3.9210718070548874e+28
3.9210573132066854e+28
3.9210428897684843e+28
3.921028536249176e+28
3.921014252161984e+28
3.9210000370244356e+28
3.9209858903582935e+28
3.9209718116895366e+28
3.920957800548298e+28
3.9209438564688303e+28
3.9209299789894645e+28
3.9209161676525625e+28
3.9209024220044807e+28
3.920888741595531e+28
3.920875125979927e+28
3.920861574715762e+28
3.920848087364959e+28
3.920834663493234e+28
3.920821302670055e+28
3.920808004468607e+28
3.920794768465752e+28
3.920781594241993e+28
3.920768481381439e+28
3.9207554294717636e+28
3.9207424381041726e+28
3.9207295068733656e+28
3.9207166353775027e+28
3.9207038232181684e+28
3.92069107000034e+28
3.9206783753323438e+28
3.9206657388258423e+28
3.920653160095775e+28
3.9206406387603375e+28
3.9206281744409567e+28
3.920615766762247e+28
3.92060341535198e+28
3.9205911198410556e+28
3.9205788798634734e+28
3.920566695056297e+28
3.920554565059622e+28
3.920542489516552e+28
3.9205304680731672e+28
3.9205185003784898e+28
3.9205065860844585e+28
3.920494724845904e+28
3.9204829163205115e+28
3.9204711601687988e+28
3.920459456054086e+28
3.920447803642472e+28
3.920436202602795e+28
3.920424652606626e+28
3.9204131533282215e+28
3.920401704444508e+28
3.9203903056350553e+28
3.92037895658205e+28
3.9203676569702683e+28
3.920356406487051e+28
3.9203452048222835e+28
3.920334051668357e+28
3.9203229467201636e+28
3.9203118896750597e+28
3.9203008802328465e+28
3.9202899180957388e+28
3.9202790029683536e+28
3.920268134557683e+28
3.9202573125730614e+28
3.9202465367261564e+28
3.9202358067309433e+28
3.9202251223036737e+28
3.920214483162867e+28
3.9202038890292786e+28
3.9201933396258865e+28
3.9201828346778574e+28
3.920172373912548e+28
3.920161957059456e+28
3.920151583850224e+28
3.9201412540186062e+28
3.920130967300455e+28
3.92012072343369e+28
3.920110522158295e+28
3.920100363216284e+28
3.920090246351691e+28
3.920080171310547e+28
3.9200701378408637e+28
3.9200601456926065e+28
3.9200501946176943e+28
3.920040284369961e+28
3.9200304147051515e+28
3.920020585380895e+28
3.920010796156696e+28
3.920001046793906e+28
3.91999133705572e+28
3.919981666707147e+28
3.9199720355150002e+28
3.9199624432478763e+28
3.9199528896761435e+28
3.91994337457192e+28
3.919933897709065e+28
3.9199244588631508e+28
3.919915057811464e+28
3.9199056943329725e+28
3.919896368208322e+28
3.919887079219812e+28
3.9198778271513885e+28
3.919868611788632e+28
3.9198594329187204e+28
3.919850290330445e+28
3.919841183814174e+28
3.919832113161847e+28
3.9198230781669595e+28
3.919814078624549e+28
3.919805114331178e+28
3.9197961850849254e+28
3.919787290685371e+28
3.919778430933574e+28
3.919769605632077e+28
3.9197608145848755e+28
3.9197520575974163e+28
3.919743334476575e+28
3.919734645030655e+28
3.919725989069361e+28
3.919717366403801e+28
3.9197087768464635e+28
3.9197002202112034e+28
3.919691696313243e+28
3.919683204969145e+28
3.9196747459968094e+28
3.9196663192154634e+28
3.9196579244456397e+28
3.919649561509176e+28
3.9196412302291936e+28
3.9196329304300967e+28
3.919624661937553e+28
3.919616424578487e+28
3.9196082181810576e+28
3.919600042574675e+28
3.919591897589956e+28
3.9195837830587385e+28
3.919575698814055e+28
3.9195676446901334e+28
3.919559620522379e+28
3.919551626147374e+28
3.9195436614028528e+28
3.9195357261276997e+28
3.91952782016195e+28
3.919519943346758e+28
3.919512095524405e+28
3.9195042765382767e+28
3.9194964862328697e+28
3.9194887244537647e+28
3.91948099104763e+28
3.919473285862207e+28
3.919465608746296e+28
3.91945795954976e+28
3.9194503381235046e+28
3.9194427443194733e+28
3.9194351779906406e+28
3.919427638990995e+28
3.919420127175543e+28
3.9194126424002896e+28
3.9194051845222375e+28
3.9193977533993707e+28
3.919390348890656e+28
3.919382970856027e+28
3.919375619156378e+28
3.919368293653556e+28
3.9193609942103603e+28
3.9193537206905183e+28
3.919346472958689e+28
3.919339250880463e+28
3.91933205432233e+28
3.919324883151695e+28
3.9193177372368623e+28
3.919310616447029e+28
3.9193035206522665e+28
3.9192964497235406e+28
3.919289403532667e+28
3.9192823819523425e+28
3.919275384856106e+28
3.9192684121183496e+28
3.9192614636143114e+28
3.919254539220054e+28
3.9192476388124777e+28
3.9192407622692994e+28
3.919233909469049e+28
3.9192270802910667e+28
3.9192202746154964e+28
3.9192134923232698e+28
3.9192067332961123e+28
3.91919999741653e+28
3.919193284567801e+28
3.9191865946339784e+28
3.9191799274998784e+28
3.919173283051065e+28
3.9191666611738623e+28
3.9191600617553387e+28
3.9191534846832965e+28
3.9191469298462737e+28
3.919140397133537e+28
3.9191338864350713e+28
3.91912739764158e+28
3.91912093064447e+28
3.9191144853358645e+28
3.9191080616085726e+28
3.919101659356105e+28
3.9190952784726536e+28
3.919088918853099e+28
3.9190825803929908e+28
3.9190762629885595e+28
3.919069966536693e+28
3.919063690934946e+28
3.919057436081525e+28
3.9190512018752886e+28
3.9190449882157423e+28
3.9190387950030273e+28
3.91903262213793e+28
3.9190264695218553e+28
3.9190203370568385e+28
3.9190142246455407e+28
3.9190081321912335e+28
3.919002059597798e+28
3.9189960067697253e+28
3.918989973612107e+28
3.9189839600306323e+28
3.9189779659315812e+28
3.918971991221824e+28
3.9189660358088126e+28
3.9189600996005775e+28
3.9189541825057253e+28
3.918948284433429e+28
3.9189424052934333e+28
3.9189365449960374e+28
3.9189307034521027e+28
3.9189248805730415e+28
3.918919076270813e+28
3.9189132904579252e+28
3.9189075230474225e+28
3.918901773952883e+28
3.918896043088426e+28
3.91889033036869e+28
3.918884635708845e+28
3.9188789590245727e+28
3.9188733002320797e+28
3.9188676592480753e+28
3.918862035989788e+28
3.9188564303749447e+28
3.9188508423217717e+28
3.9188452717489975e+28
3.918839718575845e+28
3.918834182722017e+28
3.918828664107714e+28
3.9188231626536134e+28
3.918817678280871e+28
3.918812210911118e+28
3.918806760466462e+28
3.9188013268694743e+28
3.9187959100431913e+28
3.9187905099111144e+28
3.9187851263972005e+28
3.918779759425861e+28
3.918774408921957e+28
3.918769074810802e+28
3.918763757018152e+28
3.9187584554702052e+28
3.9187531700935944e+28
3.918747900815395e+28
3.918742647563105e+28
3.9187374102646604e+28
3.918732188848416e+28
3.918726983243151e+28
3.9187217933780644e+28
3.9187166191827746e+28
3.918711460587312e+28
3.91870631752211e+28
3.9187011899180237e+28
3.9186960777062963e+28
3.918690980818586e+28
3.9186858991869445e+28
3.91868083274382e+28
3.9186757814220523e+28
3.9186707451548747e+28
3.918665723875901e+28
3.91866071751914e+28
3.9186557260189727e+28
3.918650749310169e+28
3.9186457873278635e+28
3.9186408400075728e+28
3.918635907285186e+28
3.9186309890969547e+28
3.9372083071243716e+28
3.9372075114948963e+28
3.9372067160259276e+28
3.93720592079752e+28
3.9372051258897054e+28
3.937204331382465e+28
3.937203537355761e+28
3.937202743889521e+28
3.937201951063574e+28
3.937201158957702e+28
3.937200367651643e+28
3.937199577225011e+28
3.937198787757361e+28
3.937197999328179e+28
3.9371972120167547e+28
3.9371964259023448e+28
3.9371956410640558e+28
3.9371948575808757e+28
3.937194075531641e+28
3.9371932949950675e+28
3.9371925160497e+28
3.9371917387739214e+28
3.937190963245969e+28
3.9371901895438805e+28
3.937189417745513e+28
3.9371886479285334e+28
3.937187880170417e+28
3.9371871145484263e+28
3.93718635113961e+28
3.9371855900208057e+28
3.9371848312685932e+28
3.937184074959329e+28
3.9371833211691377e+28
3.937182569973856e+28
3.937181821449083e+28
3.937181075670161e+28
3.9371803327121346e+28
3.937179592649771e+28
3.937178855557545e+28
3.9371781215096287e+28
3.9371773905798917e+28
3.9371766628418957e+28
3.937175938368873e+28
3.93717521723373e+28
3.93717449950903e+28
3.937173785267e+28
3.9371730745795307e+28
3.9371723675181337e+28
3.9371716641539488e+28
3.9371709645577757e+28
3.9371702688000043e+28
3.9371695769506607e+28
3.9371688890793665e+28
3.937168205255332e+28
3.937167525547364e+28
3.937166850023887e+28
3.9371661787528663e+28
3.937165511801855e+28
3.937164849237974e+28
3.9371641911278942e+28
3.9371635375378403e+28
3.937162888533584e+28
3.9371622441804425e+28
3.937161604543255e+28
3.937160969686388e+28
3.937160339673723e+28
3.937159714568654e+28
3.9371590944340996e+28
3.93715847933246e+28
3.937157869325629e+28
3.937157264474998e+28
3.9371566648414296e+28
3.937156070485267e+28
3.937155481466311e+28
3.937154897843842e+28
3.9371543196765953e+28
3.937153747022746e+28
3.937153179939913e+28
3.9371526184851744e+28
3.9371520627150227e+28
3.9371515126853838e+28
3.937150968451612e+28
3.9371504300684673e+28
3.937149897590133e+28
3.9371493710701856e+28
3.9371488505616057e+28
3.937148336116783e+28
3.9371478277874814e+28
3.9371473256248463e+28
3.9371468296794156e+28
3.937146340001095e+28
3.9371458566391507e+28
3.93714537964224e+28
3.9371449090583492e+28
3.9371444449348323e+28
3.937143987318395e+28
3.937143536255097e+28
3.9371430917903247e+28
3.937142653968807e+28
3.937142222834583e+28
3.9371417984310397e+28
3.937141380800903e+28
3.9371409699861895e+28
3.9371405660282233e+28
3.9371401689676734e+28
3.93713977884449e+28
3.9371393956979193e+28
3.937139019566538e+28
3.937138650488175e+28
3.9371382884999765e+28
3.9371379336383697e+28
3.93713758593906e+28
3.9371372454370373e+28
3.9371369121665707e+28
3.9371365861611805e+28
3.9371362674536895e+28
3.9371359560761703e+28
3.937135652059939e+28
3.9371353554355947e+28
3.937135066232982e+28
3.9371347844812138e+28
3.9371345102086425e+28
3.93713424344285e+28
3.937133984210697e+28
3.9371337325382497e+28
3.9371334884508605e+28
3.9371332519730634e+28
3.937133023128665e+28
3.937132801940708e+28
3.9371325884314335e+28
3.9371323826223265e+28
3.9371321845341027e+28
3.9371319941866932e+28
3.9371318115992577e+28
3.9371316367901536e+28
3.937131469776979e+28
3.937131310576544e+28
3.9371311592048703e+28
3.937131015677187e+28
3.937130880007928e+28
3.9371307522107426e+28
3.9371306322985068e+28
3.937130520283275e+28
3.93713041617634e+28
3.937130319988158e+28
3.93713023172838e+28
3.937130151405946e+28
3.9371300790289154e+28
3.937130014604552e+28
3.9371299581393584e+28
3.9371299096390156e+28
3.9371298691084e+28
3.9371298365515878e+28
3.9371298119718637e+28
3.937129795371683e+28
3.9371297867527283e+28
3.9371297861158833e+28
3.9371297934612024e+28
3.937129808787935e+28
3.9371298320945247e+28
3.9371298633786538e+28
3.937129902637174e+28
3.9371299498661056e+28
3.93713000506073e+28
3.937130068215475e+28
3.937130139323981e+28
3.9371302183791143e+28
3.9371303053729066e+28
3.9371304002965994e+28
3.9371305031406483e+28
3.9371306138947013e+28
3.937130732547623e+28
3.9371308590874686e+28
3.9371309935014945e+28
3.937131135776182e+28
3.9371312858972143e+28
3.937131443849495e+28
3.937131609617129e+28
3.9371317831834225e+28
3.937131964530909e+28
3.9371321536413506e+28
3.9371323504957063e+28
3.937132555074192e+28
3.9371327673562e+28
3.937132987320363e+28
3.9371332149445693e+28
3.937133450205902e+28
3.937133693080688e+28
3.937133943544478e+28
3.9371342015720896e+28
3.9371344671375443e+28
3.9371347402141196e+28
3.9371350207743444e+28
3.9371353087899728e+28
3.9371356042320364e+28
3.9371359070708016e+28
3.9371362172757876e+28
3.9371365348157884e+28
3.9371368596588577e+28
3.9371371917722967e+28
3.9371375311226765e+28
3.9371378776758693e+28
3.9371382313969905e+28
3.9371385922504457e+28
3.937138960199929e+28
3.93713933520841e+28
3.9371397172381585e+28
3.937140106250722e+28
3.937140502206969e+28
3.937140905067043e+28
3.9371413147904e+28
3.93714173133583e+28
3.93714215466139e+28
3.9371425847245126e+28
3.9371430214819094e+28
3.9371434648896324e+28
3.9371439149030546e+28
3.937144371476893e+28
3.937144834565208e+28
3.937145304121396e+28
3.9371457800982025e+28
3.937146262447739e+28
3.9371467511214697e+28
3.937147246070209e+28
3.9371477472441623e+28
3.9371482545928862e+28
3.937148768065337e+28
3.9371492876098326e+28
3.9371498131741077e+28
3.937150344705266e+28
3.937150882149821e+28
3.9371514254537007e+28
3.937151974562213e+28
3.9371525294201115e+28
3.937153089971548e+28
3.937153656160138e+28
3.937154227928894e+28
3.937154805220279e+28
3.9371553879761996e+28
3.9371559761380175e+28
3.937156569646544e+28
3.937157168442047e+28
3.937157772464279e+28
3.9371583816524538e+28
3.937158995945271e+28
3.9371596152809143e+28
3.937160239597053e+28
3.937160868830869e+28
3.937161502919041e+28
3.9371621417977566e+28
3.9371627854027276e+28
3.9371634336691793e+28
3.937164086531901e+28
3.9371647439251636e+28
3.937165405782824e+28
3.937166072038281e+28
3.9371667426244915e+28
3.937167417473975e+28
3.937168096518806e+28
3.9371687796906615e+28
3.9371694669207914e+28
3.937170158140045e+28
3.9371708532788523e+28
3.93717155226727e+28
3.9371722550349474e+28
3.937172961511167e+28
3.9371736716248304e+28
3.9371743853044874e+28
3.93717510247831e+28
3.937175823074123e+28
3.9371765470194143e+28
3.937177274241337e+28
3.9371780046667073e+28
3.937178738222014e+28
3.9371794748334416e+28
3.937180214426862e+28
3.937180956927842e+28
3.937181702261675e+28
3.937182450353346e+28
3.9371832011275662e+28
3.9371839545087898e+28
3.9371847104211915e+28
3.937185468788706e+28
3.937186229535015e+28
3.9371869925835755e+28
3.937187757857574e+28
3.9371885252800076e+28
3.9371892947736557e+28
3.9371900662610737e+28
3.9371908396646124e+28
3.9371916149064554e+28
3.9371923919085787e+28
3.937193170592785e+28
3.937193950880721e+28
3.9371947326938498e+28
3.9371955159535084e+28
3.9371963005808635e+28
3.9371970864969435e+28
3.9371978736226636e+28
3.9371986618788227e+28
3.93719945118608e+28
3.937200241465009e+28
3.937201032636075e+28
3.9372018246196717e+28
3.9372026173360864e+28
3.9372034107055094e+28
3.9372042046481387e+28
3.9372049990840594e+28
3.9372057939333384e+28
3.937206589115971e+28
3.9372073845519283e+28
3.9372081801611726e+28
3.9372089758636036e+28
3.937209771579172e+28
3.937210567227809e+28
3.9372113627294044e+28
3.9372121580039336e+28
3.937212952971355e+28
3.9372137475516466e+28
3.937214541664856e+28
3.9372153352310563e+28
3.93721612817039e+28
3.9372169204030714e+28
3.9372177118493383e+28
3.9372185024295567e+28
3.9372192920641666e+28
3.937220080673689e+28
3.937220868178768e+28
3.9372216545001462e+28
3.937222439558686e+28
3.9372232232753974e+28
3.9372240055713873e+28
3.937224786367921e+28
3.937225565586428e+28
3.937226343148486e+28
3.9372271189758406e+28
3.9372278929903973e+28
3.9372286651142896e+28
3.9372294352697826e+28
3.937230203379389e+28
3.9372309693657857e+28
3.937231733151898e+28
3.9372324946608464e+28
3.937233253815985e+28
3.9372340105409285e+28
3.9372347647595124e+28
3.937235516395835e+28
3.937236265374244e+28
3.937237011619357e+28
3.9372377550560754e+28
3.937238495609579e+28
3.937239233205337e+28
3.937239967769114e+28
3.9372406992269817e+28
3.9372414275053204e+28
3.9372421525308356e+28
3.9372428742305556e+28
3.937243592531852e+28
3.9372443073624385e+28
3.9372450186503586e+28
3.9372457263240266e+28
3.9372464303122305e+28
3.937247130544113e+28
3.937247826949199e+28
3.9372485194573916e+28
3.937249207999008e+28
3.9372498925047384e+28
3.9372505729057056e+28
3.9372512491334246e+28
3.9372519211198364e+28
3.937252588797304e+28
3.937253252098633e+28
3.9372539109570637e+28
3.9372545653062834e+28
3.937255215080445e+28
3.9372558602141377e+28
3.9372565006424477e+28
3.9372571363008964e+28
3.9372577671255343e+28
3.9372583930528495e+28
3.937259014019854e+28
3.9372596299640537e+28
3.9372602408234565e+28
3.9372608465365807e+28
3.937261447042462e+28
3.937262042280664e+28
3.9372626321912696e+28
3.937263216714919e+28
3.937263795792777e+28
3.9372643693665624e+28
3.937264937378543e+28
3.9372654997715505e+28
3.9372660564889777e+28
3.937266607474808e+28
3.9372671526735717e+28
3.937267692030392e+28
3.937268225491e+28
3.9372687530017055e+28
3.9372692745093927e+28
3.9372697899616057e+28
3.9372702993064464e+28
3.937270802492654e+28
3.937271299469589e+28
3.937271790187213e+28
3.937272274596154e+28
3.9372727526476554e+28
3.9372732242936087e+28
3.937273689486521e+28
3.937274148179586e+28
3.9372746003266375e+28
3.9372750458821725e+28
3.937275484801337e+28
3.9372759170399532e+28
3.9372763425545292e+28
3.9372767613022286e+28
3.937277173240913e+28
3.937277578329108e+28
3.9372779765260485e+28
3.9372783677916637e+28
3.937278752086569e+28
3.9372791293720883e+28
3.937279499610237e+28
3.9372798627637585e+28
3.9372802187960967e+28
3.937280567671422e+28
3.9372809093546206e+28
3.9372812438112984e+28
3.937281571007796e+28
3.937281890911178e+28
3.9372822034892487e+28
3.9372825087105544e+28
3.9372828065443633e+28
3.937283096960702e+28
3.9372833799303467e+28
3.9372836554248123e+28
3.9372839234163724e+28
3.9372841838780555e+28
3.9372844367836295e+28
3.937284682107656e+28
3.9372849198254406e+28
3.9372851499130605e+28
3.937285372347351e+28
3.9372855871059317e+28
3.9372857941671735e+28
3.937285993510248e+28
3.9372861851150835e+28
3.9372863689624094e+28
3.9372865450337e+28
3.9372867133112393e+28
3.9372868737780987e+28
3.9372870264181263e+28
3.937287171215949e+28
3.9372873081570104e+28
3.937287437227518e+28
3.937287558414473e+28
3.937287671705678e+28
3.937287777089739e+28
3.937287874556049e+28
3.9372879640947935e+28
3.9372880456969797e+28
3.9372881193543794e+28
3.937288185059571e+28
3.937288242805942e+28
3.9372882925876956e+28
3.937288334399798e+28
3.937288368238059e+28
3.937288394099064e+28
3.9372884119802125e+28
3.9372884218796998e+28
3.937288423796556e+28
3.93728841773056e+28
3.93728840368234e+28
3.937288381653301e+28
3.937288351645652e+28
3.937288313662427e+28
3.937288267707429e+28
3.9372882137852855e+28
3.9372881519014585e+28
3.9372880820621477e+28
3.937288004274392e+28
3.937287918546024e+28
3.937287824885656e+28
3.937287723302724e+28
3.9372876138074414e+28
3.9372874964108613e+28
3.9372873711247664e+28
3.937287237961779e+28
3.93728709693531e+28
3.9372869480595372e+28
3.937286791349453e+28
3.9372866268208285e+28
3.9372864544902316e+28
3.937286274375003e+28
3.9372860864932696e+28
3.937285890863935e+28
3.937285687506699e+28
3.9372854764420232e+28
3.9372852576911555e+28
3.9372850312761165e+28
3.9372847972196907e+28
3.937284555545433e+28
3.937284306277684e+28
3.937284049441507e+28
3.937283785062764e+28
3.9372835131680636e+28
3.9372832337847776e+28
3.9372829469410255e+28
3.937282652665677e+28
3.9372823509883452e+28
3.93728204193939e+28
3.937281725549924e+28
3.9372814018517894e+28
3.937281070877576e+28
3.9372807326605886e+28
3.9372803872348543e+28
3.937280034635167e+28
3.9372796748969938e+28
3.9372793080565566e+28
3.9372789341507637e+28
3.9372785532172606e+28
3.937278165294378e+28
3.937277770421167e+28
3.9372773686373677e+28
3.9372769599834212e+28
3.9372765445004564e+28
3.93727612223029e+28
3.9372756932154243e+28
3.937275257499031e+28
3.937274815124973e+28
3.93727436613778e+28
3.937273910582644e+28
3.9372734485054093e+28
3.9372729799525824e+28
3.9372725049713134e+28
3.937272023609415e+28
3.9372715359153386e+28
3.937271041938166e+28
3.937270541727612e+28
3.9372700353340293e+28
3.9372695228083727e+28
3.937269004202242e+28
3.9372684795678232e+28
3.937267948957922e+28
3.937267412425946e+28
3.9372668700258862e+28
3.9372663218123397e+28
3.9372657678404845e+28
3.9372652081660787e+28
3.9372646428454454e+28
3.937264071935488e+28
3.9372634954936643e+28
3.937262913577982e+28
3.9372623262470267e+28
3.9372617335599003e+28
3.937261135576242e+28
3.937260532356261e+28
3.9372599239606594e+28
3.937259310450658e+28
3.937258691888022e+28
3.9372580683349983e+28
3.937257439854348e+28
3.9372568065093198e+28
3.9372561683636645e+28
3.9372555254815933e+28
3.9372548779278252e+28
3.93725422576753e+28
3.9372535690663486e+28
3.93725290789037e+28
3.937252242306129e+28
3.9372515723806258e+28
3.9372508981812946e+28
3.937250219775967e+28
3.9372495372329263e+28
3.9372488506208693e+28
3.937248160008905e+28
3.9372474654665348e+28
3.937246767063655e+28
3.937246064870565e+28
3.937245358957931e+28
3.937244649396794e+28
3.937243936258573e+28
3.937243219615035e+28
3.9372424995383247e+28
3.9372417761008987e+28
3.9372410493755587e+28
3.937240319435461e+28
3.9372395863540588e+28
3.937238850205129e+28
3.937238111062766e+28
3.9372373690013467e+28
3.9372366240955744e+28
3.9372358764204037e+28
3.937235126051084e+28
3.9372343730631433e+28
3.937233617532352e+28
3.9372328595347613e+28
3.9372320991466436e+28
3.9372313364445314e+28
3.937230571505187e+28
3.937229804405587e+28
3.9372290352229455e+28
3.9372282640346742e+28
3.937227490918359e+28
3.937226715951841e+28
3.9372259392131043e+28
3.937225160780316e+28
3.9372243807318197e+28
3.937223599146115e+28
3.9372228161018703e+28
3.9372220316778764e+28
3.9372212459530934e+28
3.9372204590065766e+28
3.9372196709175427e+28
3.9372188817653067e+28
3.937218091629284e+28
3.9372173005889924e+28
3.9372165087240223e+28
3.937215716114111e+28
3.9372149228389835e+28
3.9372141289785195e+28
3.9372133346125664e+28
3.9372125398210808e+28
3.937211744684065e+28
3.9372109492815146e+28
3.9372101536935106e+28
3.9372093580000925e+28
3.9372085622813465e+28
3.9372077666173703e+28
3.9372069710881858e+28
3.9372061757739153e+28
3.937205380754554e+28
3.9372045861101546e+28
3.9372037919206296e+28
3.9372029982659224e+28
3.9372022052259373e+28
3.937201412880475e+28
3.937200621309265e+28
3.9371998305919606e+28
3.9371990408081396e+28
3.937198252037301e+28
3.937197464358811e+28
3.9371966778519224e+28
3.9371958925958093e+28
3.9371951086694755e+28
3.937194326151833e+28
3.93719354512162e+28
3.937192765657445e+28
3.9371919878377525e+28
3.937191211740808e+28
3.937190437444715e+28
3.937189665027394e+28
3.9371888945665815e+28
3.937188126139817e+28
3.937187359824423e+28
3.9371865956975203e+28
3.9372083071243716e+28
3.9372075114948963e+28
3.9372067160259276e+28
3.93720592079752e+28
3.9372051258897054e+28
3.937204331382465e+28
3.937203537355761e+28
3.937202743889521e+28
3.937201951063574e+28
3.937201158957702e+28
3.937200367651643e+28
3.937199577225011e+28
3.937198787757361e+28
3.937197999328179e+28
3.9371972120167547e+28
3.9371964259023448e+28
3.9371956410640558e+28
3.9371948575808757e+28
3.937194075531641e+28
3.9371932949950675e+28
3.9371925160497e+28
3.9371917387739214e+28
3.937190963245969e+28
3.9371901895438805e+28
3.937189417745513e+28
3.9371886479285334e+28
3.937187880170417e+28
3.9371871145484263e+28
3.93718635113961e+28
3.9371855900208057e+28
3.9371848312685932e+28
3.937184074959329e+28
3.9371833211691377e+28
3.937182569973856e+28
3.937181821449083e+28
3.937181075670161e+28
3.9371803327121346e+28
3.937179592649771e+28
3.937178855557545e+28
3.9371781215096287e+28
3.9371773905798917e+28
3.9371766628418957e+28
3.937175938368873e+28
3.93717521723373e+28
3.93717449950903e+28
3.937173785267e+28
3.9371730745795307e+28
3.9371723675181337e+28
3.9371716641539488e+28
3.9371709645577757e+28
3.9371702688000043e+28
3.9371695769506607e+28
3.9371688890793665e+28
3.937168205255332e+28
3.937167525547364e+28
3.937166850023887e+28
3.9371661787528663e+28
3.937165511801855e+28
3.937164849237974e+28
3.9371641911278942e+28
3.9371635375378403e+28
3.937162888533584e+28
3.9371622441804425e+28
3.937161604543255e+28
3.937160969686388e+28
3.937160339673723e+28
3.937159714568654e+28
3.9371590944340996e+28
3.93715847933246e+28
3.937157869325629e+28
3.937157264474998e+28
3.9371566648414296e+28
3.937156070485267e+28
3.937155481466311e+28
3.937154897843842e+28
3.9371543196765953e+28
3.937153747022746e+28
3.937153179939913e+28
3.9371526184851744e+28
3.9371520627150227e+28
3.9371515126853838e+28
3.937150968451612e+28
3.9371504300684673e+28
3.937149897590133e+28
3.9371493710701856e+28
3.9371488505616057e+28
3.937148336116783e+28
3.9371478277874814e+28
3.9371473256248463e+28
3.9371468296794156e+28
3.937146340001095e+28
3.9371458566391507e+28
3.93714537964224e+28
3.9371449090583492e+28
3.9371444449348323e+28
3.937143987318395e+28
3.937143536255097e+28
3.9371430917903247e+28
3.937142653968807e+28
3.937142222834583e+28
3.9371417984310397e+28
3.937141380800903e+28
3.9371409699861895e+28
3.9371405660282233e+28
3.9371401689676734e+28
3.93713977884449e+28
3.9371393956979193e+28
3.937139019566538e+28
3.937138650488175e+28
3.9371382884999765e+28
3.9371379336383697e+28
3.93713758593906e+28
3.9371372454370373e+28
3.9371369121665707e+28
3.9371365861611805e+28
3.9371362674536895e+28
3.9371359560761703e+28
3.937135652059939e+28
3.9371353554355947e+28
3.937135066232982e+28
3.9371347844812138e+28
3.9371345102086425e+28
3.93713424344285e+28
3.937133984210697e+28
3.9371337325382497e+28
3.9371334884508605e+28
3.9371332519730634e+28
3.937133023128665e+28
3.937132801940708e+28
3.9371325884314335e+28
3.9371323826223265e+28
3.9371321845341027e+28
3.9371319941866932e+28
3.9371318115992577e+28
3.9371316367901536e+28
3.937131469776979e+28
3.937131310576544e+28
3.9371311592048703e+28
3.937131015677187e+28
3.937130880007928e+28
3.9371307522107426e+28
3.9371306322985068e+28
3.937130520283275e+28
3.93713041617634e+28
3.937130319988158e+28
3.93713023172838e+28
3.937130151405946e+28
3.9371300790289154e+28
3.937130014604552e+28
3.9371299581393584e+28
3.9371299096390156e+28
3.9371298691084e+28
3.9371298365515878e+28
3.9371298119718637e+28
3.937129795371683e+28
3.9371297867527283e+28
3.9371297861158833e+28
3.9371297934612024e+28
3.937129808787935e+28
3.9371298320945247e+28
3.9371298633786538e+28
3.937129902637174e+28
3.9371299498661056e+28
3.93713000506073e+28
3.937130068215475e+28
3.937130139323981e+28
3.9371302183791143e+28
3.9371303053729066e+28
3.9371304002965994e+28
3.9371305031406483e+28
3.9371306138947013e+28
3.937130732547623e+28
3.9371308590874686e+28
3.9371309935014945e+28
3.937131135776182e+28
3.9371312858972143e+28
3.937131443849495e+28
3.937131609617129e+28
3.9371317831834225e+28
3.937131964530909e+28
3.9371321536413506e+28
3.9371323504957063e+28
3.937132555074192e+28
3.9371327673562e+28
3.937132987320363e+28
3.9371332149445693e+28
3.937133450205902e+28
3.937133693080688e+28
3.937133943544478e+28
3.9371342015720896e+28
3.9371344671375443e+28
3.9371347402141196e+28
3.9371350207743444e+28
3.9371353087899728e+28
3.9371356042320364e+28
3.9371359070708016e+28
3.9371362172757876e+28
3.9371365348157884e+28
3.9371368596588577e+28
3.9371371917722967e+28
3.9371375311226765e+28
3.9371378776758693e+28
3.9371382313969905e+28
3.9371385922504457e+28
3.937138960199929e+28
3.93713933520841e+28
3.9371397172381585e+28
3.937140106250722e+28
3.937140502206969e+28
3.937140905067043e+28
3.9371413147904e+28
3.93714173133583e+28
3.93714215466139e+28
3.9371425847245126e+28
3.9371430214819094e+28
3.9371434648896324e+28
3.9371439149030546e+28
3.937144371476893e+28
3.937144834565208e+28
3.937145304121396e+28
3.9371457800982025e+28
3.937146262447739e+28
3.9371467511214697e+28
3.937147246070209e+28
3.9371477472441623e+28
3.9371482545928862e+28
3.937148768065337e+28
3.9371492876098326e+28
3.9371498131741077e+28
3.937150344705266e+28
3.937150882149821e+28
3.9371514254537007e+28
3.937151974562213e+28
3.9371525294201115e+28
3.937153089971548e+28
3.937153656160138e+28
3.937154227928894e+28
3.937154805220279e+28
3.9371553879761996e+28
3.9371559761380175e+28
3.937156569646544e+28
3.937157168442047e+28
3.937157772464279e+28
3.9371583816524538e+28
3.937158995945271e+28
3.9371596152809143e+28
3.937160239597053e+28
3.937160868830869e+28
3.937161502919041e+28
3.9371621417977566e+28
3.9371627854027276e+28
3.9371634336691793e+28
3.937164086531901e+28
3.9371647439251636e+28
3.937165405782824e+28
3.937166072038281e+28
3.9371667426244915e+28
3.937167417473975e+28
3.937168096518806e+28
3.9371687796906615e+28
3.9371694669207914e+28
3.937170158140045e+28
3.9371708532788523e+28
3.93717155226727e+28
3.9371722550349474e+28
3.937172961511167e+28
3.9371736716248304e+28
3.9371743853044874e+28
3.93717510247831e+28
3.937175823074123e+28
3.9371765470194143e+28
3.937177274241337e+28
3.9371780046667073e+28
3.937178738222014e+28
3.9371794748334416e+28
3.937180214426862e+28
3.937180956927842e+28
3.937181702261675e+28
3.937182450353346e+28
3.9371832011275662e+28
3.9371839545087898e+28
3.9371847104211915e+28
3.937185468788706e+28
3.937186229535015e+28
3.9371869925835755e+28
3.937187757857574e+28
3.9371885252800076e+28
3.9371892947736557e+28
3.9371900662610737e+28
3.9371908396646124e+28
3.9371916149064554e+28
3.9371923919085787e+28
3.937193170592785e+28
3.937193950880721e+28
3.9371947326938498e+28
3.9371955159535084e+28
3.9371963005808635e+28
3.9371970864969435e+28
3.9371978736226636e+28
3.9371986618788227e+28
3.93719945118608e+28
3.937200241465009e+28
3.937201032636075e+28
3.9372018246196717e+28
3.9372026173360864e+28
3.9372034107055094e+28
3.9372042046481387e+28
3.9372049990840594e+28
3.9372057939333384e+28
3.937206589115971e+28
3.9372073845519283e+28
3.9372081801611726e+28
3.9372089758636036e+28
3.937209771579172e+28
3.937210567227809e+28
3.9372113627294044e+28
3.9372121580039336e+28
3.937212952971355e+28
3.9372137475516466e+28
3.937214541664856e+28
3.9372153352310563e+28
3.93721612817039e+28
3.9372169204030714e+28
3.9372177118493383e+28
3.9372185024295567e+28
3.9372192920641666e+28
3.937220080673689e+28
3.937220868178768e+28
3.9372216545001462e+28
3.937222439558686e+28
3.9372232232753974e+28
3.9372240055713873e+28
3.937224786367921e+28
3.937225565586428e+28
3.937226343148486e+28
3.9372271189758406e+28
3.9372278929903973e+28
3.9372286651142896e+28
3.9372294352697826e+28
3.937230203379389e+28
3.9372309693657857e+28
3.937231733151898e+28
3.9372324946608464e+28
3.937233253815985e+28
3.9372340105409285e+28
3.9372347647595124e+28
3.937235516395835e+28
3.937236265374244e+28
3.937237011619357e+28
3.9372377550560754e+28
3.937238495609579e+28
3.937239233205337e+28
3.937239967769114e+28
3.9372406992269817e+28
3.9372414275053204e+28
3.9372421525308356e+28
3.9372428742305556e+28
3.937243592531852e+28
3.9372443073624385e+28
3.9372450186503586e+28
3.9372457263240266e+28
3.9372464303122305e+28
3.937247130544113e+28
3.937247826949199e+28
3.9372485194573916e+28
3.937249207999008e+28
3.9372498925047384e+28
3.9372505729057056e+28
3.9372512491334246e+28
3.9372519211198364e+28
3.937252588797304e+28
3.937253252098633e+28
3.9372539109570637e+28
3.9372545653062834e+28
3.937255215080445e+28
3.9372558602141377e+28
3.9372565006424477e+28
3.9372571363008964e+28
3.9372577671255343e+28
3.9372583930528495e+28
3.937259014019854e+28
3.9372596299640537e+28
3.9372602408234565e+28
3.9372608465365807e+28
3.937261447042462e+28
3.937262042280664e+28
3.9372626321912696e+28
3.937263216714919e+28
3.937263795792777e+28
3.9372643693665624e+28
3.937264937378543e+28
3.9372654997715505e+28
3.9372660564889777e+28
3.937266607474808e+28
3.9372671526735717e+28
3.937267692030392e+28
3.937268225491e+28
3.9372687530017055e+28
3.9372692745093927e+28
3.9372697899616057e+28
3.9372702993064464e+28
3.937270802492654e+28
3.937271299469589e+28
3.937271790187213e+28
3.937272274596154e+28
3.9372727526476554e+28
3.9372732242936087e+28
3.937273689486521e+28
3.937274148179586e+28
3.9372746003266375e+28
3.9372750458821725e+28
3.937275484801337e+28
3.9372759170399532e+28
3.9372763425545292e+28
3.9372767613022286e+28
3.937277173240913e+28
3.937277578329108e+28
3.9372779765260485e+28
3.9372783677916637e+28
3.937278752086569e+28
3.9372791293720883e+28
3.937279499610237e+28
3.9372798627637585e+28
3.9372802187960967e+28
3.937280567671422e+28
3.9372809093546206e+28
3.9372812438112984e+28
3.937281571007796e+28
3.937281890911178e+28
3.9372822034892487e+28
3.9372825087105544e+28
3.9372828065443633e+28
3.937283096960702e+28
3.9372833799303467e+28
3.9372836554248123e+28
3.9372839234163724e+28
3.9372841838780555e+28
3.9372844367836295e+28
3.937284682107656e+28
3.9372849198254406e+28
3.9372851499130605e+28
3.937285372347351e+28
3.9372855871059317e+28
3.9372857941671735e+28
3.937285993510248e+28
3.9372861851150835e+28
3.9372863689624094e+28
3.9372865450337e+28
3.9372867133112393e+28
3.9372868737780987e+28
3.9372870264181263e+28
3.937287171215949e+28
3.9372873081570104e+28
3.937287437227518e+28
3.937287558414473e+28
3.937287671705678e+28
3.937287777089739e+28
3.937287874556049e+28
3.9372879640947935e+28
3.9372880456969797e+28
3.9372881193543794e+28
3.937288185059571e+28
3.937288242805942e+28
3.9372882925876956e+28
3.937288334399798e+28
3.937288368238059e+28
3.937288394099064e+28
3.9372884119802125e+28
3.9372884218796998e+28
3.937288423796556e+28
3.93728841773056e+28
3.93728840368234e+28
3.937288381653301e+28
3.937288351645652e+28
3.937288313662427e+28
3.937288267707429e+28
3.9372882137852855e+28
3.9372881519014585e+28
3.9372880820621477e+28
3.937288004274392e+28
3.937287918546024e+28
3.937287824885656e+28
3.937287723302724e+28
3.9372876138074414e+28
3.9372874964108613e+28
3.9372873711247664e+28
3.937287237961779e+28
3.93728709693531e+28
3.9372869480595372e+28
3.937286791349453e+28
3.9372866268208285e+28
3.9372864544902316e+28
3.937286274375003e+28
3.9372860864932696e+28
3.937285890863935e+28
3.937285687506699e+28
3.9372854764420232e+28
3.9372852576911555e+28
3.9372850312761165e+28
3.9372847972196907e+28
3.937284555545433e+28
3.937284306277684e+28
3.937284049441507e+28
3.937283785062764e+28
3.9372835131680636e+28
3.9372832337847776e+28
3.9372829469410255e+28
3.937282652665677e+28
3.9372823509883452e+28
3.93728204193939e+28
3.937281725549924e+28
3.9372814018517894e+28
3.937281070877576e+28
3.9372807326605886e+28
3.9372803872348543e+28
3.937280034635167e+28
3.9372796748969938e+28
3.9372793080565566e+28
3.9372789341507637e+28
3.9372785532172606e+28
3.937278165294378e+28
3.937277770421167e+28
3.9372773686373677e+28
3.9372769599834212e+28
3.9372765445004564e+28
3.93727612223029e+28
3.9372756932154243e+28
3.937275257499031e+28
3.937274815124973e+28
3.93727436613778e+28
3.937273910582644e+28
3.9372734485054093e+28
3.9372729799525824e+28
3.9372725049713134e+28
3.937272023609415e+28
3.9372715359153386e+28
3.937271041938166e+28
3.937270541727612e+28
3.9372700353340293e+28
3.9372695228083727e+28
3.937269004202242e+28
3.9372684795678232e+28
3.937267948957922e+28
3.937267412425946e+28
3.9372668700258862e+28
3.9372663218123397e+28
3.9372657678404845e+28
3.9372652081660787e+28
3.9372646428454454e+28
3.937264071935488e+28
3.9372634954936643e+28
3.937262913577982e+28
3.9372623262470267e+28
3.9372617335599003e+28
3.937261135576242e+28
3.937260532356261e+28
3.9372599239606594e+28
3.937259310450658e+28
3.937258691888022e+28
3.9372580683349983e+28
3.937257439854348e+28
3.9372568065093198e+28
3.9372561683636645e+28
3.9372555254815933e+28
3.9372548779278252e+28
3.93725422576753e+28
3.9372535690663486e+28
3.93725290789037e+28
3.937252242306129e+28
3.9372515723806258e+28
3.9372508981812946e+28
3.937250219775967e+28
3.9372495372329263e+28
3.9372488506208693e+28
3.937248160008905e+28
3.9372474654665348e+28
3.937246767063655e+28
3.937246064870565e+28
3.937245358957931e+28
3.937244649396794e+28
3.937243936258573e+28
3.937243219615035e+28
3.9372424995383247e+28
3.9372417761008987e+28
3.9372410493755587e+28
3.937240319435461e+28
3.9372395863540588e+28
3.937238850205129e+28
3.937238111062766e+28
3.9372373690013467e+28
3.9372366240955744e+28
3.9372358764204037e+28
3.937235126051084e+28
3.9372343730631433e+28
3.937233617532352e+28
3.9372328595347613e+28
3.9372320991466436e+28
3.9372313364445314e+28
3.937230571505187e+28
3.937229804405587e+28
3.9372290352229455e+28
3.9372282640346742e+28
3.937227490918359e+28
3.937226715951841e+28
3.9372259392131043e+28
3.937225160780316e+28
3.9372243807318197e+28
3.937223599146115e+28
3.9372228161018703e+28
3.9372220316778764e+28
3.9372212459530934e+28
3.9372204590065766e+28
3.9372196709175427e+28
3.9372188817653067e+28
3.937218091629284e+28
3.9372173005889924e+28
3.9372165087240223e+28
3.937215716114111e+28
3.9372149228389835e+28
3.9372141289785195e+28
3.9372133346125664e+28
3.9372125398210808e+28
3.937211744684065e+28
3.9372109492815146e+28
3.9372101536935106e+28
3.9372093580000925e+28
3.9372085622813465e+28
3.9372077666173703e+28
3.9372069710881858e+28
3.9372061757739153e+28
3.937205380754554e+28
3.9372045861101546e+28
3.9372037919206296e+28
3.9372029982659224e+28
3.9372022052259373e+28
3.937201412880475e+28
3.937200621309265e+28
3.9371998305919606e+28
3.9371990408081396e+28
3.937198252037301e+28
3.937197464358811e+28
3.9371966778519224e+28
3.9371958925958093e+28
3.9371951086694755e+28
3.937194326151833e+28
3.93719354512162e+28
3.937192765657445e+28
3.9371919878377525e+28
3.937191211740808e+28
3.937190437444715e+28
3.937189665027394e+28
3.9371888945665815e+28
3.937188126139817e+28
3.937187359824423e+28
3.9371865956975203e+28
