384282201.17778385 3671944.2483995114
384529426.58050203 7343554.421853479
384741735.4846438 11014497.90688692
384919190.18742895 14684443.7050196
385061855.9720969 18353062.45492676
385169801.0732463 22020026.45393413
385243096.64220893 25685009.678858254
385281816.71246606 29347687.80619803
385286038.1651111 33007738.23168535
385255840.69446594 36664840.08920504
385191306.77365065 40318674.26909321
385092521.6203568 43968923.435814224
384959573.1626595 47615272.04503688
384792552.0049586 51257406.36011331
384591551.39404917 54895014.46796563
384356667.1852943 58527786.29439164
384087997.808962 62155413.61880125
383785644.23665863 65777590.088388465
383449709.94798493 69394011.23175088
383080300.8972721 73004374.47196032
382677525.4805314 76608379.13910335
382241494.5025426 80205726.48228504
381772321.14416224 83796119.68112081
381270120.9297836 87379263.85672216
380735011.6949808 90954866.08217007
380167113.5543828 94522635.39250952
379566548.8697203 98082282.79424518
378933442.218075 101633521.2743783
378267920.36036766 105176065.80897304
377570112.2100559 108709633.37126878
376840148.80200523 112233942.93933506
376078163.2616526 115748715.50329214
375284290.77437675 119253674.07211536
374458668.5550832 122748543.6800013
373601435.8180507 126233051.39232244
372712733.7470106 129706926.311187
371792705.46546245 133169899.58060153
370841496.00723916 136621704.39123523
369859252.28732616 140062075.9848202
368846123.07294667 143490751.6581696
367802258.95488185 146907470.766849
366727812.31906366 150311974.72847244
365622937.31841856 153704007.02567622
364487789.84498256 157083313.20873997
363322527.5022752 160449640.89788157
362127309.5779267 163802739.78523323
360902297.0165978 167142361.6365065
359647652.39316255 170468260.29235741
358363539.8861664 173780191.6694426
357050125.2515373 177077913.76118007
355707575.7965802 180361186.63823274
354336060.3542391 183629772.44873953
352935749.2576536 186883435.41825536
351506814.3149675 190121941.8494365
350049428.7844209 193345060.12146974
348563767.3497359 196552560.68925998
347050006.0957436 199744216.08238176
345508322.48430794 202919800.90378508
343938895.3305429 206079091.82831445
342341904.7792693 209221867.6009656
340717532.2817613 212347909.03495353
339065960.5727814 215456999.00957072
337387373.64789623 218548922.467854
335681956.74102885 221623466.41405618
333949896.3023009 224680419.910934
332191379.97617835 227719574.0768464
330406596.57987165 230740722.08268946
328595736.08200526 233743659.14867538
326758989.58151346 236728182.540946
324896549.28689903 239694091.56800935
323008608.49568367 242641187.5770605
321095361.57414275 245569273.95013365
319157003.9373448 248478156.1001412
317193732.0294088 251367641.46674943
315205743.30403554 254237539.51215413
313193236.2053099 257087661.71673283
311156410.1487837 259917821.57456717
309095465.5027697 262727834.58886847
307010603.5699287 265517518.26728687
304902026.56909025 268286692.1171395
302769937.61735076 271035177.6405158
300614540.7124126 273762798.3293142
298436040.7151531 276469379.6601815
296234643.3324653 279154749.0893825
294010555.1003562 281818736.0475723
291763983.3672503 284461171.93452764
289495136.2775744 287081890.1137729
287204222.7555467 289680725.9071701
284891452.4892445 292257516.58944523
282557035.91487634 294812101.3826338
280201184.2012858 297344321.4505484
277824109.2347166 299854019.89312404
275426023.60376567 302341041.74073255
273007140.58462316 304805233.9484713
270567674.1264746 307246445.3904446
268107838.83716092 309664526.8539497
265627849.96903306 312059331.03369594
263127923.40506315 314430712.5259612
260608275.64513698 316778527.82275397
258069123.792577 319102635.3059527
255510685.54086643 321402895.24138033
252933179.16058087 323679169.77294266
250336823.4865418 325931322.9167207
247721837.90516382 328159220.5550602
245088442.3419923 330362730.4306825
242436857.24944928 332541722.1407167
239767303.5947911 334696067.1308776
237080002.84822068 336825638.68952763
234375176.97122732 338930311.94178396
231653048.40509418 341009963.84367645
228913840.05961266 343064473.17627275
226157775.30196023 345093720.53982913
223385077.94576073 347097588.3479993
220595972.2403284 349075960.82201356
217790682.860089 351028723.9849104
214969434.8941838 352955765.65580183
212132453.83621567 354856975.44416267
209279965.5742049 356732244.74415034
206412196.3806673 358581466.72895133
203529372.902877 360404536.34518504
200631722.15330592 362201350.3073216
197719471.50017694 363971807.09216654
194792848.65822306 365715806.933356
191852081.67957863 367433251.81591815
188897398.94480056 369124045.47089
185929029.15406632 370788093.36998534
182947201.3184997 372425302.7202682
179952144.75166458 374035582.45891523
176944089.06116635 375618843.248041
173923264.14040932 377174997.4695482
170889900.16049317 378703959.220084
167844227.56222332 380205644.3060026
164786477.04827958 381679970.2383869
161716879.57548505 383126856.22816324
158635666.3472165 384546223.1812922
155543068.80593687 385937993.6939798
152439318.62584206 387302092.0479736
149324647.7056321 388638444.2059271
146199288.16138375 389946977.8068513
143063472.31956062 391227622.16159123
139917432.71011353 392480308.24842995
136761402.05969357 393704968.70871365
133595613.28497745 394901537.8425905
130420299.48608702 396069951.60478777
127235693.94011459 397210147.60049474
124042030.09474707 398322065.0813044
120839541.56198418 399405644.94124067
117628462.1119472 400460829.71287537
114409025.66679172 401487563.5634623
111181466.29468355 402485792.2912521
107946018.2038947 403455463.3218191
104702915.73695041 404396525.7044828
101452393.36488213 405308930.10883033
98194685.68154916 406192628.82132614
94930027.39803177 407047575.7419431
91658653.33711828 407873726.38095456
88380798.42784066 408671037.85579306
85096697.70008767 409439468.88796335
81806586.27930164 410178979.8001022
78510699.38121843 410889532.51304513
75209272.30667868 411571090.54305077
71902540.43649831 412223618.99911374
68590739.22640325 412847084.58030003
65274104.2020139 413441455.573252
61952870.95387888 414006701.84971184
58627275.13256895 414542794.8642102
55297552.44381842 415049707.6517822
51963938.64370868 415527414.82582825
48626669.533899784 415975892.5760247
45285980.95690106 416395118.6663329
41942108.791387096 416785072.4331269
38595288.94754471 417145734.7834241
35245757.36245595 417477088.1931638
31893749.99552038 417779116.7055796
28539502.82390364 418051805.92971545
25183251.838012014 418295143.03901255
21825233.036998097 418509116.7700019
18465682.4242886 418693717.4210339
15104836.003134537 418848936.8511589
11742929.772179704 418974768.47912043
8380199.721046468 419071207.282398
5016881.8259385545 419138249.7963725
1653212.045255253 419175894.1135719
-1710573.6847832226 419184139.88299733
-5074239.454502095 419162988.3096085
-8437549.385132078 419112442.153815
-11800267.633165974 419032505.73116153
-15162158.394712128 418923184.912007
-18522985.909849845 418784487.1213714
-21882514.466987934 418616421.3388939
-25240508.407224204 418418998.0987908
-28596732.128716756 418192229.4899991
-31950950.091063578 417936129.1563898
-35302926.81969105 417650712.2970833
-38652426.910258986 417335995.66680056
-41999215.0330804 416991997.5764137
-45343055.93755772 416618737.89349496
-48683714.45664758 416216238.0430243
-52020955.51133507 415784521.0081612
-55354544.11514284 415323611.3310967
-58684245.37866268 414833535.11405295
-62009824.51412028 414314320.0203251
-65331046.83996819 413765995.2754384
-68647677.78551292 413188591.66838884
-71959482.8955811 412582141.55298823
-75266227.83521447 411946678.8493067
-78567678.39441934 411282239.0451634
-81863600.49295227 410588859.1977602
-85153760.185142 409866577.93537605
-88437923.66477154 409115435.45917153
-91715857.2700093 408335473.54507804
-94987327.48837705 407526735.54574966
-98252100.96178943 406689266.3926512
-101509944.49164805 405823112.59819627
-104760625.04397614 404928322.2579806
-108003909.75463055 404004945.05310965
-111239565.93457183 403053032.25260085
-114467361.07520011 402072636.71591777
-117687062.85376212 401063812.89552295
-120898439.13882324 400026616.8395372
-124101257.99580848 398961106.19448584
-127295287.69262633 397867340.2081674
-130480296.70536314 396745379.7325262
-133656053.72406334 395595287.2266731
-136822327.65858415 394417126.759945
-139978887.64453456 393210964.01507914
-143125503.04930198 391976866.2914304
-146261943.47816786 390714902.5082807
-149387978.78051522 389425143.2082469
-152503379.05613366 388107660.5607083
-155607914.66159946 386762528.3653705
-158701356.21677256 385389822.05585146
-161783474.6113923 383989618.7033764
-164854041.01176605 382561997.0205358
-167912826.86757952 381107037.36511266
-170959603.91879976 379624821.7439412
-173994144.20267713 378115433.8169094
-177016220.06088108 376578958.9009322
-180025604.1467417 375015483.9740952
-183022069.4326157 373425097.6797673
-186005389.21735644 371807890.3308371
-188975337.13391063 370163953.9139821
-191931687.15705147 368493382.094004
-194874213.61121398 366796270.2182023
-197802691.1784828 365072715.32085073
-200716894.90670446 363322816.1277045
-203616600.21771833 361546673.0605182
-206501582.91573146 359744388.2416834
-209371619.19585136 357916065.49887013
-212226485.65273577 356061810.3697404
-215065959.2893939 354181730.1066856
-217889817.52611956 352275933.6816268
-220697838.2096048 350344531.7908581
-223489799.62218088 348387636.8599116
-226265480.4912019 346405363.0484803
-229024659.99861285 344397826.2553798
-231767117.7906465 342365144.123517
-234492633.98769554 340307436.04490656
-237200989.19434968 338224823.16570437
-239891964.50959852 336117428.3913175
-242565341.53719527 333985376.39146525
-245220902.3961741 331828793.60531944
-247858429.73158148 329647808.24666375
-250477706.72534993 327442550.30903983
-253078517.1073484 325213151.5709111
-255660645.16663224 322959745.6008485
-258223875.76284808 320682467.7627963
-260767994.33785385 318381455.2211866
-263292786.92750424 316056846.9461843
-265798040.1736277 313708783.71893036
-268283541.33618662 311337408.1367309
-270749078.3056556 308942864.6182834
-273194439.61557984 306525299.4088637
-275619414.4553466 304084860.5855271
-278023792.68311685 301621698.0622784
-280407364.8390065 299135963.59525394
-282769922.1584381 296627810.78785574
-285111256.5857174 294097395.0958896
-287431160.7878229 291544873.83264256
-289729428.168416 288970406.1739543
-292005852.8820205 286374153.1632644
-294260229.8484663 283756277.71661997
-296492354.7675176 281116944.6275914
-298702024.13374996 278456320.5722213
-300889035.25164706 275774574.1138863
-303053186.25087035 273071875.70809996
-305194276.10182697 270348397.70727783
-307312104.63142794 267604314.3654405
-309406472.53908867 264839801.84283188
-311477181.4129644 262055038.2105079
-313524033.74639076 259250203.45482224
-315546832.9545929 256425479.48185667
-317545383.39160687 253581050.12174293
-319519490.3674856 250717101.13290966
-321468960.1656995 247833820.20626777
-323393600.06079936 244931396.9692613
-325293218.33630484 242010022.9898304
-327167624.30285954 239069891.78028044
-329016628.31665146 236111198.80103755
-330840041.7980606 233134141.4642882
-332637677.2505428 230138919.137494
-334409348.27976495 227125733.1467878
-336154869.6130397 224094786.78024116
-337874057.11898243 221046285.29099548
-339566727.8274031 217980435.9002409
-341232699.9494908 214897447.8000683
-342871792.89824724 211797532.1561553
-344483827.3091688 208680902.11030108
-346068625.06119186 205547772.7828043
-347626009.2979011 202398361.2746462
-349155804.4490015 199232886.6695351
-350657836.25205094 196051570.03573784
-352131931.7744501 192854634.4277413
-353577919.4356901 189642304.88771442
-354995629.0298919 186414808.4467718
-356384891.74857974 183172374.1260459
-357745540.2036995 179915232.9375032
-359077408.4509675 176643617.88460124
-360380332.0134421 173357763.96266463
-361654147.905339 170057908.15906173
-362898694.6561283 166744289.4531316
-364113812.3349201 163417148.81586295
-365299342.575052 160076729.2093211
-366455128.5990162 156723275.5858153
-367581015.2436113 153357034.8868076
-368676848.9853026 149978256.04153335
-369742477.9659203 146587189.96533644
-370777752.0185767 143184089.55773348
-371782522.6938557 139769209.70016253
-372756643.2862125 136342807.25343794
-373699968.8607033 132905141.05489443
-374612356.2799384 129456471.91520242
-375493664.2312345 125997062.61485977
-376343753.2540573 122527177.90035729
-377162485.7677053 119047084.47998457
-377949726.0992616 115557051.01929635
-378705340.5117484 112057348.13621685
-379429197.232515 108548248.39577949
-380121166.4819263 105030026.30448149
-380781120.50219536 101502958.30426727
-381408933.58648694 97967322.76611781
-382004482.1082493 94423399.98322904
-382567644.55078024 90871472.16379571
-383098301.53701246 87311823.42337008
-383596335.8594359 83744739.77679998
-384061632.51031643 80170509.12973624
-384494078.7121084 76589421.26968509
-384893563.9480241 73001767.85662332
-385259979.9928528 69407842.41315058
-385593220.9439201 65807940.31417089
-385893183.25227326 62202358.77609997
-386159765.7540155 58591396.84559159
-386392869.7018431 54975355.38776455
-386592398.7967046 51354537.07393415
-386758259.21968096 47729246.368828975
-386890359.6639869 44099789.51729027
-386988611.3671131 40466474.53044148
-387052928.143121 36829611.17132634
-387083226.4150814 33189510.94000074
-387079425.24762285 29546487.05806925
-387041446.3796069 25900854.452663064
-386969214.25694144 22252929.73984544
-386862656.06542605 18603031.20744295
-386721701.76376295 14951478.79728715
-386546284.1166 11298594.08686376
-386336338.7277038 7644700.27035741
-386091804.0731503 3990122.1390855242
-385812621.53459543 335186.0613148993
-385498735.432586 -3319780.038549543
-385150093.0599237 -6974446.701409971
-384766644.71504706 -10628482.955563568
-384348343.7353995 -14281556.339439882
-383895146.53083533 -17933332.92499569
-383407012.61702675 -21583477.34177335
-382883904.6488099 -25231652.801632512
-382325788.4535475 -28877521.12415928
-381732633.0644465 -32520742.76276291
-381104410.7537616 -36160976.83146212
-380441097.0660044 -39797881.13237145
-379742670.851038 -43431112.18389282
-379009114.29703546 -47060325.24961978
-378240412.9634269 -50685174.367956586
-377436555.8136624 -54305312.38246367
-376597535.24782217 -57920390.97292512
-375723347.13513064 -61530060.68715934
-374813990.84627044 -65133970.97356167
-373869469.285508 -68731770.21439405
-372889788.9226414 -72323105.7598185
-371874959.82472986 -75907623.96268609
-370824995.68760175 -79484970.21408246
-369739913.86711335 -83054788.97963412
-368619735.4101551 -86616723.83657426
-367464485.08536804 -90170417.51157834
-366274191.4135704 -93715511.91936935
-365048886.6978727 -97251648.20209104
-363788607.0534846 -100778466.76945439
-362493392.4371358 -104295607.33966312
-361163286.67616934 -107802708.98111112
-359798337.4972358 -111299410.15485954
-358398596.55454814 -114785348.75788459
-356964119.4577988 -118260162.16712342
-355494965.79957783 -121723487.28427252
-353991199.1823628 -125174960.58137424
-352452887.2449937 -128614218.14717789
-350880101.68869025 -132040895.73427415
-349272918.3025323 -135454628.80700397
-347631416.9884243 -138855052.59013775
-345955681.7854653 -142241802.11831295
-344245800.8937871 -145614512.28622994
-342501866.69774956 -148972817.8996204
-340723975.7885859 -152316353.72695938
-338912228.98633796 -155644754.55192748
-337066731.3611872 -158957655.226636
-335187592.25406766 -162254690.72555512
-333274925.29658777 -165535496.2001866
-331328848.4302666 -168799707.034466
-329349483.9249929 -172046958.90088785
-327336958.3967256 -175276887.8173032
-325291402.8244414 -178489130.20444784
-323212952.56622726 -181683322.9441551
-321101747.37458044 -184859103.43821573
-318957931.41087794 -188016109.66794547
-316781653.2589712 -191153980.25438967
-314573065.93784666 -194272354.5191833
-312332326.9134422 -197370872.5460264
-310059598.10949326 -200449175.24276495
-307755045.917463 -203506904.4041245
-305418841.2054702 -206543702.7749895
-303051159.32627654 -209559214.11427426
-300652180.1241965 -212553083.2593539
-298222087.9410264 -215524956.19103792
-295761071.6209165 -218474480.0990659
-293269324.5141651 -221401303.44810462
-290747044.4799557 -224305076.0442626
-288194433.887939 -227185449.10203877
-285611699.618728 -230042075.31174046
-282999053.06324965 -232874608.90734202
-280356710.120934 -235682705.73473665
-277684891.1967102 -238466023.3203862
-274983821.1967934 -241224220.94034037
-272253729.5233169 -243956959.6895889
-269494850.06769556 -246663902.55175227
-266707421.20277885 -249344714.46904597
-263891685.77367517 -251999062.4125343
-261047891.08739725 -254626615.45264527
-258176288.9011482 -257227044.82986242
-255277135.40933597 -259800024.02566457
-252350691.22927397 -262345228.8335972
-249397221.38554633 -264862337.43050674
-246416995.29303902 -267351030.44786954
-243410286.73862082 -269810991.04322314
-240377373.8614548 -272241904.97165024
-237318539.1319523 -274643460.65726626
-234234069.3293332 -277015349.2647435
-231124255.51782212 -279357264.77077895
-227989393.02141014 -281668904.0355173
-224829781.39722452 -283949966.87384117
-221645724.40751475 -286200156.12656647
-218437529.99019262 -288419177.73143536
-215205510.22796157 -290606740.79400605
-211949981.3160059 -292762557.658237
-208671263.52827778 -294886343.97683746
-205369681.18233216 -296977818.7813453
-202045562.60274002 -299036704.551843
-198699240.08306375 -301062727.2863607
-195331049.84640378 -303055616.56986797
-191941332.00451443 -305015105.64281297
-188530430.51548743 -306940931.4692353
-185098693.13999373 -308832834.80437326
-181646471.396131 -310690560.26173764
-178174120.51284248 -312513856.37963784
-174681999.38191834 -314302475.6870676
-171170470.50859383 -316056174.7690065
-167639899.96075857 -317774714.33099544
-164090657.3167629 -319457859.26305413
-160523115.61187974 -321105378.70283943
-156937651.283348 -322717046.09805185
-153334644.11410376 -324292639.2679774
-149714477.1751513 -325831940.4642484
-146077536.76661167 -327334736.4306684
-142424212.357441 -328800818.46219087
-138754896.52386713 -330229982.4628935
-135069984.88655066 -331622029.00299823
-131369876.04646131 -332976763.3748702
-127654971.51952054 -334293995.6480032
-123925675.6700228 -335573540.7228603
-120182395.64284892 -336815218.3836779
-116425541.29449521 -338018853.35007346
-112655525.12294875 -339184275.3275011
-108872762.19641615 -340311319.0564831
-105077670.08094619 -341399824.36066437
-101270668.76696804 -342449636.19355476
-97452180.59476951 -343460604.68396956
-93622630.17893903 -344432585.1801898
-89782444.33180138 -345365438.29271364
-85932051.9858838 -346259029.9356976
-82071884.11543234 -347113231.3669812
-78202373.65701364 -347927919.2266541
-74323955.42922941 -348702975.57418144
-70437066.05158731 -349438287.92404294
-66542143.86254121 -350133749.27992064
-62639628.83675646 -350789258.1672988
-58729962.501613796 -351404718.66458917
-54813587.85300856 -351980040.432659
-50890949.27046155 -352515138.74275184
-46962492.43158423 -353009934.5028193
-43028664.22594185 -353464354.2822844
-39089912.668343924 -353878330.33512324
-35146686.811596796 -354251800.62127626
-31199436.658770524 -354584708.8264543
-27248613.075006437 -354877004.38021046
-23294667.698906124 -355128642.47234774
-19338052.85354654 -355339584.067641
-15379221.457155578 -355509795.918793
-11418626.933493288 -355639250.5777146
-7456723.121976739 -355727926.4050689
-3493964.187588922 -355775807.5780742
469195.469387597 -355782884.0965603
4432301.303769623 -355749151.7872536
8394898.715964502 -355674612.30638164
12356533.14251224 -355559273.14046216
16316750.146636887 -355403147.60535973
20275095.508764956 -355206254.8435963
24231115.31697176 -354968619.81988204
28184356.057313506 -354690273.31493944
32134364.704000566 -354371251.91756743
36080688.80937639 -354011598.01493
40022876.59365673 -353611359.781155
43960477.0343902 -353170591.1641827
47893039.955597095 -352689351.8708754
51820116.116555095 -352167707.35048175
55741257.300176606 -351605728.7763225
59656016.400955796 -351003493.02581996
63563947.51242971 -350361082.65888464
67464606.01412563 -349678585.89457405
71357548.6579518 -348956096.58615065
75242333.65399346 -348193714.1944941
79118520.75568342 -347391543.75988424
82985671.34429953 -346549695.8722277
86843348.51275904 -345668286.6396668
90691117.14868139 -344747437.65562415
94528544.0166581 -343787275.96434164
98355197.8397377 -342787934.024872
102170649.38004826 -341749549.6736066
105974471.51854923 -340672266.0853096
109766239.33388762 -339556231.73268867
113545530.18030368 -338401600.34460324
117311923.76456858 -337208530.8628196
121065002.22192976 -335977187.3974047
124804350.19101496 -334707739.1808264
128529554.88769351 -333400360.5206558
132240206.17784832 -332055230.7510722
135935896.64903608 -330672534.1830503
139616221.68101993 -329252460.0533266
143280779.5151238 -327795202.4722168
146929171.32242858 -326300960.37023216
150561001.27074823 -324769937.4435569
154175876.59036833 -323202342.09843034
157773407.63856685 -321598387.3944775
161353207.96282846 -319958290.9869873
164914894.36280367 -318282275.0681829
168458086.9509542 -316570566.3075544
171982409.21186572 -314823395.79121685
175487488.06023 -313040998.96040595
178972953.89748156 -311223615.5490532
182438440.66706172 -309371489.5206073
185883585.90830764 -307484869.0040055
189308030.80894828 -305564006.22888213
192711420.25620362 -303609157.4600936
196093402.88647667 -301620582.93149716
199453631.13362095 -299598546.77909726
202791761.27578178 -297543316.9736065
206107453.4807965 -295455165.2523605
209400371.85017192 -293334367.0507446
212670184.46161118 -291181201.43304986
215916563.41008818 -288995951.02289575
219139184.8474725 -286778901.9331881
222337729.02070704 -284530343.6956657
225511880.30853185 -282250569.19006336
228661327.25674 -279939874.57297087
231785762.61201137 -277598559.2063581
234884883.35426676 -275226925.58587223
237958390.7275899 -272825279.2688002
241005990.26969796 -270393928.80191517
244027391.83996886 -267933185.6491343
247022309.64605218 -265443364.11903375
249990462.26902646 -262924781.29223895
252931572.68714467 -260377756.94876438
255845368.29817098 -257802613.495307
258731580.94029903 -255199675.89251375
261589946.91169387 -252569271.58227757
264420206.98862723 -249911730.4151031
267222106.4422319 -247227384.57752863
269995395.0539124 -244516568.51965976
272739827.1293843 -241779618.88284066
275455161.51137143 -239016874.42749295
278141161.59100467 -236228675.9611584
280797595.3178363 -233415366.26675087
283424235.2086528 -230577290.03104907
286020858.35490847 -227714793.7734805
288587246.42894053 -224828225.77519464
291123185.68891996 -221917936.00844714
293628466.98255384 -218984276.06634754
296102885.7495905 -216027599.0929711
298546242.0230887 -213048259.71386307
300958340.42952025 -210046613.96696866
303338990.18767846 -207023019.23398238
305688005.1064759 -203977834.17216766
308005203.58159477 -200911418.64664733
310290408.5909906 -197824133.66320112
312543447.6893549 -194716341.30158097
314764153.00147146 -191588404.64935303
316952361.21454376 -188440687.73628882
319107913.5694379 -185273555.4693557
321230655.8509633 -182087373.56825614
323320438.3771487 -178882508.5015878
325377115.9875163 -175659327.42362466
327400548.0304482 -172418198.1117211
329390598.34957826 -169159488.90437233
331347135.2692954 -165883568.63992444
333270031.5793929 -162590806.59596217
335159164.51877546 -159281572.42937446
337014415.75838435 -155956236.11710715
338835671.3832653 -152615167.89765394
340622821.8738444 -149258738.21322638
342375762.086425 -145887317.6526725
344094391.23291755 -142501276.89510486
345778612.8598382 -139100986.6543026
347428334.8265639 -135686817.62384316
349043469.282926 -132259140.4229898
350623932.6461257 -128818325.54334947
352169645.5769704 -125364743.29630512
353680532.95549303 -121898763.76120645
355156523.8559683 -118420756.73435451
356597551.52130586 -114931091.67877127
358003553.3369295 -111430137.67474833
359374470.80404764 -107918263.37119162
360710249.5124251 -104395836.93775453
362010839.11263317 -100863226.01777971
363276193.2878553 -97320797.68203218
364506269.7251434 -93768918.38322973
365701030.0863027 -90207953.91137236
366860439.9782997 -86638269.34988473
367984468.92326957 -83060229.03254907
369073090.32813376 -79474196.50124806
370126281.4538472 -75880534.4644878
371144023.3843152 -72279604.75674863
372126300.9949382 -68671768.29861245
373073102.92084324 -65057385.057688385
373984421.52481157 -61436814.01033729
374860252.8649888 -57810413.10418512
375700596.6622484 -54178539.22141911
376505456.26732635 -50541548.14287302
377274838.6277637 -46899794.51288912
378008754.2545878 -43253631.80495924
